energy(#app_nue)<
@energy =
{0,97,0,0.394609,0.0234809,0.0167184,0.00283927,0.00960034,0.00494302,0.001819,0.00142336,0.00197152,0.00111709,0.000524784,0.000463523,0.000150436,0.000135037,9.27124e-05,0.000166297,0,7.16204e-05,6.80598e-05,6.41646e-05,0,0,9.33786e-07,0,0,0,0,0,0,1.02073e-06,0,0,0,0,0,0,0,0,0,0,0,0,0,0,0,0,0,0,0,0,0,0,0,0,0,0,0,0,0,0,0,0,0,0,0,0,0,0,0,0,0,0,0,0,0,0,0,0,0,0,0,0,0,0,0,0,0,0,0,0,0,0,0,0,0,0,0}:
{0,97,0,0.509418,0.509776,0.211019,0.106416,0.0732384,0.0457426,0.0339005,0.0205074,0.0158901,0.00919275,0.00720098,0.00706058,0.00420729,0.00322746,0.00151122,0.00204131,0.00173691,0.00116759,0.000979872,0.000791177,0.000601182,0.000646043,0.000521648,0.000419613,0.000226977,0.00013375,5.87035e-05,5.99074e-05,1.83532e-05,6.41005e-05,0,0,0,0,8.79289e-05,0,0,0,0,4.02287e-05,0,0.000153833,0,0,0,3.24696e-06,0,0,0,0,0,0,0,0,0,0,0,0,0,0,0,0,0,0,0,0,0,0,0,0,0,0,0,0,0,0,0,0,0,0,0,0,0,0,0,0,0,0,0,0,0,0,0,0,0,0,0}:
{0,97,0,0.0959722,0.401432,0.46752,0.309447,0.199446,0.132327,0.0877715,0.0618246,0.0368005,0.0245801,0.0170785,0.0153513,0.0113869,0.00853513,0.00591992,0.0044248,0.00381153,0.00236152,0.0017055,0.00164799,0.00117477,0.00171819,0.000801078,0.000956043,0.000465881,0.000622002,0.00036719,0.000113566,7.98244e-05,8.42595e-05,0.000155502,7.01148e-05,0.000308277,0,0,0,0,0,0.000125787,0,0.000142872,0,0,0,0,0,0,0,0,0,0,0,0,0,0,0,0,0,0,0,0,0,0,0,0,0,0,0,0,0,0,0,0,0,0,0,0,0,0,9.22501e-07,0,0,0,0,0,0,0,0,0,0,0,0,0,0,0,0,0}:
{0,97,0,0,0.0600734,0.259583,0.328441,0.265727,0.199678,0.12554,0.0949102,0.068144,0.0454797,0.0341006,0.0222172,0.0177396,0.0137626,0.00933942,0.00758042,0.00508545,0.00541879,0.00261276,0.0021542,0.00222277,0.00162601,0.00142731,0.000669495,0.000569789,0.00081507,0.000369042,0.000215495,0.00018735,0.000467842,0.000134372,7.12313e-05,7.74939e-05,0.000167286,8.79289e-05,3.10287e-05,0.000138034,0.000116669,0,0,2.27508e-06,0,0,0,5.59217e-05,0,0,6.75331e-05,7.12331e-05,7.33239e-05,0,0,0,0,0,0,0,0,0,0,0,0,0.000107674,0,0,0,0,0,0,0,0,0,0,0,0,0,0,0,0,0,0,0,0,0,0,0,0,0,0,0,0,0,0,0,0,0,0}:
{0,97,0,0,0.00515636,0.0450566,0.188347,0.246878,0.228392,0.172416,0.129073,0.0966288,0.0693794,0.0456668,0.0316744,0.0244723,0.0185475,0.0143031,0.00968163,0.00764737,0.00590774,0.00481132,0.00346953,0.00267039,0.00212558,0.00175693,0.00108421,0.00082062,0.00055161,0.000921787,0.000361922,0.000156759,0.000449313,0.000269815,0.00032456,7.7986e-05,8.56251e-05,1.40017e-06,9.96021e-05,3.17367e-05,6.96666e-05,0.000252772,2.56356e-06,0,0,4.94877e-05,2.82995e-06,0.000187301,3.24696e-06,2.03347e-06,0,7.12331e-05,0,0,0,0,0,0,0,0,3.07909e-06,0,5.49515e-06,0,0,0,0,0,0,0,0,0,0,0,0,0,0,0,0,0,0,0,9.22501e-07,0,0,0,0,0,0,0,0,0,0,0,0,0,0,0,0,0}:
{0,97,0,0,8.21095e-05,0.000103597,0.0586508,0.154477,0.21894,0.207998,0.166257,0.122323,0.087611,0.0657656,0.0500351,0.0364887,0.0282245,0.020886,0.0145501,0.0122603,0.00872632,0.00742597,0.006118,0.00449979,0.0034181,0.00260674,0.00243821,0.00145288,0.000691529,0.000727942,0.000661844,0.000978691,0.000790585,0.000474583,0.000744132,0.000234196,0.000167286,0.000405057,0.000424112,0.000212594,0,0.000377362,0,7.26845e-06,0.000153833,2.6394e-06,0,5.59217e-05,1.93975e-06,0.000213756,0,0,0,0,7.88728e-05,0,0,9.02237e-05,0,0,0,0,0,0,0,0,0,0,0,3.70701e-06,0,0,0,0,0,0,0,0,0,0,0,0,0,0,0,0,0,0,0,0,0,0,0,0,0,0,0,0,0,0}:
{0,97,0,0,0,0,0.00585937,0.0448237,0.126528,0.19163,0.183086,0.174042,0.131557,0.0956981,0.0732682,0.0577013,0.0393401,0.0295543,0.0230256,0.0173263,0.0130283,0.009529,0.00722938,0.00643562,0.00506524,0.00406107,0.0029934,0.00168375,0.00169789,0.00169622,0.00122715,0.000815567,0.000707147,0.000937448,0.000233511,0.00031023,0.000334572,2.62526e-05,0.000230866,0.000106297,0.000350006,0.00013099,0.000139031,0.000190522,0.000307665,0,0,0,3.8795e-06,3.40383e-06,0,0,2.33627e-06,2.44024e-06,4.20665e-06,0,0,0.00030219,0,0,9.66374e-05,0,0,0,0,0,0,0,0,0,0,0,0,0,0,0,0,0,0,0,0,0,0,0,0,0,0,0,0,0,0,0,0,0,0,0,0,0,0,0}:
{0,97,0,0,0,0,0,0.00581031,0.03478,0.118947,0.173221,0.181521,0.151535,0.128741,0.0969017,0.0743202,0.0576733,0.0414594,0.0322681,0.0263832,0.0197858,0.014544,0.0117261,0.00751139,0.00666751,0.0057617,0.0043961,0.00342805,0.00264203,0.00181932,0.00169156,0.00127278,0.000788592,0.00102683,0.000608804,0.00066263,0.000445487,0.000495223,0.000428193,0.000244331,7.15244e-05,0.000253578,0.000349936,0.000232736,0,0.000334141,5.92716e-05,5.96512e-06,0,0.000213756,0,0,0,0.000256516,0,8.41305e-05,9.04257e-05,0,0,0,5.15412e-06,0,0,0,0,0,0,0,0,0,3.78432e-06,0,0,0,0,0,0,0,0,0,0,0,5.51106e-07,0,0,0,0,0,0,0,0,0,0,0,0,0,0,0,0,0}:
{0,97,0,0,0,0,0,0,0.00866926,0.0476478,0.107496,0.147573,0.170249,0.152562,0.124196,0.102038,0.0804383,0.0580574,0.047795,0.036872,0.0261453,0.0217512,0.0167879,0.0120376,0.0105099,0.00767119,0.00438077,0.00440354,0.00414115,0.0029139,0.00240626,0.0014266,0.00108026,0.00143653,0.00121935,0.000657068,0.000775306,0.000439644,0.000524346,0.000564234,0.000538198,0.000167349,8.26029e-05,0.000148781,2.92683e-06,2.6394e-06,0.000283838,1.7818e-06,1.93975e-06,0,0,4.53931e-06,0,0,0,0,0.000302866,0,0,0,0,0,0,0,0,0.000111105,0,0,0,0,0,0,0,0,0,0,0,0,0,0,0,0,9.22501e-07,0,0,0,0,1.03134e-06,0,0,0,0,0,0,0,0,0,0,0,0}:
{0,97,0,0,0,0,0,0,0,0.00946677,0.0443383,0.0993276,0.150814,0.156504,0.143349,0.124789,0.0957796,0.0806455,0.0604836,0.0466516,0.0349399,0.029061,0.0210576,0.016659,0.0134399,0.010024,0.00747973,0.00653867,0.00515209,0.00435756,0.0029751,0.00232742,0.00218497,0.00189623,0.00149116,0.00157462,0.000908903,0.000532047,0.000524653,0.000279453,0.000458583,0.00016454,3.42736e-06,5.17571e-05,0.000157746,0,0.000106121,5.89042e-05,6.28189e-05,0.000213756,0.000458136,2.26965e-06,3.9107e-06,0,0,8.41305e-05,0.000307689,0,0,0.0003194,0,0.000100884,0,5.71835e-06,0,0.000360636,0,0,0,0,0,0,0,0,0,0,0,0,0,0,0.000129681,0,0,0,0,0,0,0,0,0,0,0,0,0,0,0,0,0,0,0}:
{0,97,0,0,0,0,0,0,0,0.00224102,0.0144126,0.0408351,0.0917524,0.137924,0.144597,0.135023,0.124477,0.101451,0.0780287,0.0623537,0.0512727,0.038114,0.0318263,0.0217254,0.01696,0.0139563,0.0116493,0.00765738,0.00595237,0.00561683,0.00362204,0.00379442,0.00282276,0.00200863,0.00128037,0.00119759,0.00107645,0.000737794,0.000654039,0.00124965,0.000509301,0.000422124,0.000488967,7.26845e-06,9.43081e-05,0.000167328,0.000177717,5.59217e-05,0.000269971,5.4373e-06,0,7.35028e-05,0.000253408,0.000153174,0,0.000172748,9.04257e-05,0,2.94201e-06,3.00983e-06,0,0,5.49515e-06,0,0,0,0,0,0,0,0,0,0,0,0.000120432,0,0,0,0,0,0,0,0,0,0,0,0,2.06268e-06,0,0,0,0,0,0,0,0,0,0,0,0}:
{0,97,0,0,0,0,0,0,0,0.000622519,0.00314273,0.0100896,0.0449062,0.0877591,0.130552,0.13835,0.127066,0.119398,0.10132,0.0791655,0.0625463,0.0504449,0.0416305,0.0305126,0.0222985,0.0181996,0.0141979,0.0107128,0.00862584,0.0073448,0.00540466,0.00424717,0.0042789,0.00340872,0.00248131,0.00141309,0.00156569,0.00114034,0.0010816,0.00081228,0.000624111,0.000997576,0.000312271,0.000522557,0.000202211,0.00038099,5.65991e-06,0.000306891,0.000271278,6.38204e-05,5.75361e-06,3.79919e-06,0.00031891,0.000155614,2.51307e-06,0.000450042,0.000305748,0,0.000314186,0,0,0.000337894,0,0,0,0.000107674,0,0,3.61626e-06,0,0,0,0.000120867,0,0,0,0.000430103,0,0,0,0,0,5.84829e-05,0,0,0,0,0,0,0,0,0,2.89535e-07,0,0,0,0,0,0,0}:
{0,97,0,0,0,0,0,0,0,0,0.000308556,0.00332795,0.015526,0.0455483,0.0911508,0.118414,0.132504,0.130584,0.11644,0.0981182,0.0774335,0.0618522,0.050025,0.0423106,0.0321284,0.0234418,0.0190242,0.0149892,0.0111641,0.0101286,0.00716984,0.00517472,0.00471031,0.00406587,0.00281251,0.00290544,0.001693,0.00109678,0.00112386,0.000769808,0.000911979,0.000544712,0.000719499,0.000618695,0.000315491,5.47665e-05,6.04109e-05,0.000808688,0.000266724,0.00021716,0.000293724,0.000312087,0.000715055,0.000256516,2.51307e-06,4.48706e-06,0.000302866,2.87474e-06,0,3.00983e-06,3.07909e-06,0.000100884,0,0.000359105,0,0,0,0.0001205,0,0,0,3.82653e-06,0,0,0,0,0,6.7696e-06,0,0,0,0,1.47361e-06,0,2.27678e-06,0,0,1.72637e-06,0,0,0,0,0,0,0,0,0,0,0,0}:
{0,97,0,0,0,0,0,0,0,0,0,0.00113972,0.00527412,0.015985,0.043579,0.084169,0.110103,0.121121,0.128269,0.113498,0.0942074,0.0806046,0.0675543,0.0510491,0.0411399,0.0342432,0.026407,0.0192847,0.0153665,0.0120956,0.0100847,0.00691605,0.00690777,0.00419072,0.00355999,0.00223603,0.00272776,0.00213528,0.00265464,0.00158878,0.00172941,0.00103994,0.000783757,0.00129403,0.000494309,0.000645716,0.000239268,0.00030569,6.47587e-05,0.000711189,0.000229793,7.88315e-05,7.33239e-05,7.90273e-05,0.000421917,0.000368592,9.52485e-05,0,0,0,0,3.2144e-06,0,0,5.62492e-06,0,0,0,0,0,0,0,6.44637e-06,0.000123063,3.83723e-06,0,0,0,0,0,0,0,9.22501e-07,6.50781e-05,0,0,0,0,0,0,0,0,0,0,0,0,0,0,0,0}:
{0,97,0,0,0,0,0,0,0,0,0,0.000385585,0.00102366,0.00690163,0.0162382,0.0432458,0.07863,0.108269,0.122452,0.121436,0.113351,0.0952183,0.0804279,0.0666523,0.0503936,0.0401932,0.0339836,0.026804,0.0218378,0.0156613,0.013648,0.0112095,0.00843561,0.00571439,0.00421338,0.0034421,0.00357813,0.00239157,0.00212966,0.00165097,0.00162721,0.00088901,0.000624988,0.000754377,0.000346362,0.000288995,0.000643793,0.000566666,0.000411057,0.000350238,0.000230495,7.50323e-05,0.0011329,0,0,0,0,4.81205e-06,0.000618522,5.03817e-06,5.15412e-06,0.000346489,5.49515e-06,5.71835e-06,0,0,0.000114601,0.000114399,6.05329e-06,0.000622366,6.33459e-06,0,0,0,0,0,0,0,6.96208e-06,0,0,0,1.72965e-05,1.91256e-05,0,0,0,0,0,0,0,2.73403e-06,0,0,0,0,0,0,0,0}:
{0,97,0,0,0,0,0,0,0,0,0,0,2.67701e-06,0.00126952,0.0073218,0.0184103,0.0476355,0.0767286,0.103974,0.115148,0.121573,0.109368,0.0911308,0.0784724,0.0677886,0.0538746,0.0451788,0.0341866,0.0259952,0.022355,0.0154347,0.0127741,0.0115951,0.00888304,0.00602092,0.00577534,0.00385224,0.00344192,0.00239563,0.00264987,0.00194721,0.00125323,0.00129104,0.00138525,0.00102316,0.00152975,0.000295158,0.00075753,0.000209092,0.000696409,0.00030018,0.000388648,7.8214e-06,0.000350238,0.000421917,8.6811e-05,0.000605733,0.00030219,9.2335e-05,8.048e-06,0,0.000100884,0.000103032,0,0,0.000107674,0.000383838,0,3.61626e-06,0,0,0,0,0,0.000403366,0,0,4.04419e-06,0,0,4.13194e-06,0,5.88543e-05,1.91256e-05,0,1.29796e-06,0,1.03134e-06,0,4.28398e-05,0,0,0,0,0,0,0,0,0,0}:
{0,97,0,0,0,0,0,0,0,0,0,0,0,0.000624352,0.00153229,0.00540755,0.0213578,0.0458947,0.0694808,0.0961034,0.111278,0.11345,0.10355,0.0976358,0.076887,0.0624855,0.0516256,0.0445932,0.0348857,0.0252178,0.0205793,0.0185006,0.0156733,0.0112128,0.00905676,0.00695522,0.00596347,0.00447238,0.00304534,0.00396318,0.00235759,0.00183432,0.00161791,0.00171685,0.00125869,0.00126196,0.000772419,0.000975872,0.000397548,0.000563994,0.000530721,0.000317415,0.000715055,0.000157259,0.00042443,8.6811e-05,9.04257e-05,9.62409e-06,5.88402e-06,9.44635e-05,0,3.2144e-06,0.000103032,0.000466321,0,0,0,6.10142e-06,0,0,0,0,0.000120867,3.92108e-06,0,0,1.09405e-05,0,6.96208e-06,0,0,0,5.51106e-07,1.91256e-05,0,0,0,0,0,0,0,0,0,0,0,0,0,0,0,0}:
{0,97,0,0,0,0,0,0,0,0,0,0,0,0,0.000255909,0.00248339,0.00922099,0.0226603,0.0443753,0.0723149,0.096612,0.109136,0.109575,0.103444,0.0929928,0.0804545,0.0688606,0.0516443,0.0451801,0.0355254,0.031279,0.0240453,0.0182356,0.0150521,0.011207,0.00832044,0.00815904,0.00601525,0.00497273,0.003529,0.00222585,0.00233823,0.00212492,0.00135909,0.00119193,0.000753124,0.000916446,0.000429464,0.001008,0.00078385,0.00102054,0.000323484,0.000471805,0.000263041,0.000345558,8.41305e-05,0.000307689,9.30985e-05,9.72596e-05,0,0,0,0.000209346,0.000718209,0,0.000113417,0,3.64502e-06,0,6.20518e-06,0,0,0,0.000418743,0,0,6.84892e-06,0,0,0,6.91648e-06,0,5.52081e-05,1.02005e-06,1.36016e-06,0,0,0,3.56882e-05,0,0,0,0,0,0,0,0,0,0,0}:
{0,97,0,0,0,0,0,0,0,0,0,0,0,0.000145247,0.000255909,0.000943756,0.00272566,0.0078978,0.0192667,0.0456201,0.0673733,0.0940362,0.104647,0.102855,0.102277,0.0933249,0.0755536,0.0616654,0.0545864,0.0440084,0.0371174,0.0285869,0.0224648,0.0169591,0.0161403,0.0140864,0.00908723,0.00812816,0.00735982,0.00591949,0.00388633,0.00227115,0.00304105,0.00199312,0.00171591,0.00197764,0.000741559,0.00172864,0.000453915,0.00131401,0.000756164,0.000398516,0.000150558,4.08474e-06,0.000611423,0.000933962,0.000104894,0.000192946,9.72596e-05,1.00763e-05,3.07909e-06,5.3806e-06,0.000103032,0,3.36036e-06,0,0,1.22028e-05,0.000123166,0.000116344,0,0,0,0,0.000120432,0.000127431,0,0,1.80834e-05,0.000128719,0,0,9.22501e-07,6.09386e-07,6.8008e-07,8.22855e-05,0,0,0,0,0,0,0,0,0,0,0,0,0,0}:
{0,97,0,0,0,0,0,0,0,0,0,0,0,0,0,0.000226149,0.0004061,0.0029572,0.0102143,0.023312,0.0433331,0.0683956,0.0934705,0.102077,0.10497,0.0994921,0.0906186,0.082035,0.0660499,0.0557555,0.0445968,0.0351217,0.0284669,0.0218786,0.0198153,0.0153388,0.012208,0.0093962,0.00832279,0.00640687,0.00491453,0.00388494,0.00318531,0.00254843,0.00164031,0.00275849,0.00120028,0.000799882,0.000791892,0.00100035,0.000886926,0.000472019,0.000334553,0.000417859,0.000279305,8.86175e-05,4.82282e-06,0.000200633,0.000493931,0.000415892,1.03082e-05,0.000100884,8.77799e-06,0,3.36036e-06,0,0.00050209,0,0.000126782,0.00012255,0.000397804,0.000808309,0,0,0,6.5866e-06,0,0,6.96208e-06,6.86515e-06,0,6.86275e-06,7.79958e-05,0,2.13443e-05,2.51116e-05,0,0,0,0,0,0,2.89535e-07,0,0,0,0,0,0,0}:
{0,97,0,0,0,0,0,0,0,0,0,0,0,0,0,3.37602e-05,0.000104978,0.00107756,0.00261925,0.00945644,0.0252773,0.0427476,0.0673594,0.0900041,0.100327,0.102195,0.100117,0.0875368,0.0764785,0.0678856,0.0548942,0.0466268,0.0391503,0.0297121,0.0252041,0.0191839,0.015696,0.0117351,0.0099049,0.00776064,0.00656181,0.00579829,0.00453444,0.00315589,0.0030346,0.00343366,0.00228412,0.00126977,0.00151887,0.00103847,0.00118711,0.0006371,0.00054904,0.000499327,0.000164465,0.00050927,0.000624022,8.62422e-06,0.000312203,5.03817e-06,0,0.000322008,0.000117305,0,0.00011109,3.43074e-06,0.000114601,6.10142e-06,0.000386191,9.91219e-06,1.51373e-05,0.000120096,6.44637e-06,0.000123063,0.000124269,0.000123496,4.09158e-06,0,1.39242e-05,0,0,0.000257347,3.60666e-05,6.40581e-05,1.13839e-06,0,9.20515e-05,3.34e-05,0,0,0,0,9.37658e-06,0,0,0,0,0,0,0}:
{0,97,0,0,0,0,0,0,0,0,0,0,0,0,0,0,0.000105645,9.56651e-05,0.00099255,0.00360958,0.0115941,0.0241926,0.0445315,0.0694455,0.0863142,0.0981569,0.101144,0.0972886,0.0868359,0.0791557,0.0668072,0.0569341,0.0464702,0.0365295,0.0315948,0.023961,0.0175035,0.016763,0.013756,0.0106461,0.0106012,0.00693367,0.00509791,0.00461224,0.00571517,0.0035938,0.00322075,0.00204506,0.00199469,0.000652304,0.000734022,0.0008508,9.04904e-05,0.000341272,0.000863174,8.6811e-05,0.000198201,0.000694604,0.000375224,1.6096e-05,0.000101792,5.3806e-06,0.000108527,0.000944079,0.000216555,0.000224521,3.65146e-06,0.000114399,0,0.000389677,0.000356312,0,0.000404823,0,3.83723e-06,3.93487e-06,0.000860205,0.000126927,4.15918e-06,0,0,0.000257347,1.72965e-05,1.9735e-05,0,0,0,1.72637e-06,3.56882e-05,0,0,0,0,0,0,0,0,0,0,0}:
{0,97,0,0,0,0,0,0,0,0,0,0,0,0,0,0,0,9.41888e-05,0.00035742,0.00129967,0.0041692,0.0113893,0.0239764,0.043787,0.0663536,0.083369,0.0953884,0.101582,0.0948788,0.0832568,0.0754302,0.0652523,0.0570923,0.0466169,0.0394126,0.0313956,0.0236489,0.0208783,0.0181436,0.014298,0.0142303,0.00890457,0.00666459,0.00561551,0.00370097,0.00463001,0.00338888,0.00314933,0.00180832,0.00149317,0.00220281,0.00123639,0.000729124,0.00134138,0.00136058,0.000450042,0.000196259,0.000287982,0.000814001,0.00010755,0.000530334,8.59499e-06,0.000117305,1.48529e-05,0.00021429,0.000107674,2.44488e-05,0.000346842,3.61626e-06,6.20518e-06,1.26692e-05,1.28105e-05,0.000120867,0.000123063,0,1.05215e-05,0.000430103,0,0,0,0,0.000430972,1.47361e-06,6.09386e-07,2.27678e-06,0,8.75688e-07,3.23687e-05,0,0,0,0,2.89535e-07,0,0,0,0,0,0,0}:
{0,97,0,0,0,0,0,0,0,0,0,0,0,0,0,0,0,1.47634e-06,0.000191914,0.000560742,0.00188015,0.00531618,0.0110322,0.0249021,0.0432497,0.0642701,0.0813427,0.0908518,0.100252,0.0936821,0.0891931,0.0756977,0.0651105,0.0578807,0.0480556,0.0369361,0.031797,0.026843,0.0189122,0.0158267,0.0150331,0.0128176,0.00966701,0.00706915,0.0068577,0.00445502,0.00356514,0.00304359,0.00322152,0.00142957,0.00119163,0.00138399,0.000988779,0.00144083,0.00120873,0.00026492,0.000462714,0.000590172,0.000586266,0.00112623,0.000655576,0,0,0.000110633,0.000105465,0.000113417,0.000118253,0.000118044,9.66955e-06,9.91219e-06,0.000397804,0.000127749,0.000124718,0.00041218,0,3.93487e-06,1.09405e-05,1.08138e-05,0,0.00013282,0,0.000135536,3.55155e-05,4.19207e-05,2.24827e-05,0,2.83592e-05,0,0,0,0,0,0,0,0,0,0,0,0,0}:
{0,97,0,0,0,0,0,0,0,0,0,0,0,0,0,0,0,0,0,0.000153124,0.00040315,0.00233294,0.00511833,0.0121262,0.0265903,0.0470751,0.0627872,0.0852455,0.0907,0.0938858,0.0922785,0.0890183,0.075177,0.0679996,0.0565318,0.051076,0.0412874,0.0318581,0.0281996,0.0210183,0.0160226,0.0115494,0.0106929,0.00964114,0.00663771,0.00590588,0.0052819,0.00305698,0.00217297,0.00279016,0.00237571,0.00265834,0.00167507,0.00144979,0.000888215,0.00150514,0.00097514,0.00118587,0.000597075,0.000610839,0.0005221,0.000215743,0.000556647,0.00165085,3.36036e-06,0.000107674,3.65146e-06,0.000383161,0.000117113,0.000126257,6.33459e-06,0.000120096,0,6.56352e-06,0.000257547,0,0,6.7696e-06,0.000437209,4.10127e-06,6.91648e-06,0,2.07948e-05,8.68532e-05,2.13443e-05,2.51116e-05,2.34151e-06,0,1.13711e-06,0,0,0.000227323,3.04356e-05,0,0,0,0,0,0,0}:
{0,97,0,0,0,0,0,0,0,0,0,0,0,0,0,0,0,0,0,7.65622e-05,7.16204e-05,0.000511045,0.00164718,0.0048968,0.0131691,0.0243402,0.0428427,0.0638866,0.0806809,0.0884153,0.0931629,0.0894578,0.0828023,0.0738953,0.067715,0.0568795,0.0485243,0.0387249,0.0330578,0.0289225,0.0217151,0.0202875,0.0159651,0.011561,0.0103074,0.00849911,0.00610666,0.0061216,0.00450075,0.00327825,0.00342072,0.00222739,0.00147699,0.00158583,0.00174467,0.00189327,0.00060402,0.00100448,0.000612808,0.000585887,0.000431621,0.000551471,0.00022469,0.000477758,0.000678617,0.00036981,6.1122e-06,0.000228798,0.000113496,6.20518e-06,0.000924497,0.000240191,1.02975e-05,0.000123063,0.000126855,0.000430737,6.84892e-06,0.000126927,0,0.000559841,0.000129681,1.37255e-05,7.61508e-05,5.83968e-05,1.36016e-06,8.35835e-05,0,1.03134e-06,0,2.21429e-06,0,0,0,0,0,0,0,0,0,0}:
{0,97,0,0,0,0,0,0,0,0,0,0,0,0,0,0,0,0,0,0,7.16204e-05,0.00024482,0.000662436,0.00258619,0.00637724,0.0137175,0.0268339,0.0433452,0.0621515,0.0772323,0.0858811,0.0929091,0.0896479,0.0846745,0.0771943,0.0679801,0.0596003,0.047578,0.0371345,0.0326629,0.0271056,0.0216965,0.0191085,0.0153886,0.0103325,0.00980939,0.00907648,0.00777536,0.00563134,0.0043696,0.00270792,0.00362047,0.00307149,0.00268947,0.00140157,0.00130183,0.00107062,0.00078793,0.000924052,0.00029543,0.0011993,0.000114859,0.000117305,1.8269e-05,0.000319755,0.000218778,0.000242617,7.29004e-06,0.000113496,0,0.000122555,0.000120096,6.44637e-06,0.000422664,6.42317e-06,0.000660621,8.18315e-06,0,0,0.000257437,0.000136598,6.86275e-06,6.03279e-05,8.42037e-05,9.35137e-05,2.69321e-05,2.34151e-06,2.06268e-06,1.90342e-06,1.32283e-06,4.76541e-05,0,3.04356e-05,0,0,0,0,0,0,0}:
{0,97,0,0,0,0,0,0,0,0,0,0,0,0,0,0,0,0,0,0,0,2.03204e-05,0.000660804,0.00114711,0.00248409,0.00741251,0.0139131,0.0280229,0.0433346,0.066084,0.0771874,0.0856379,0.0900096,0.0862109,0.0831629,0.0746727,0.0675535,0.0562243,0.046561,0.0394994,0.030269,0.0246028,0.021766,0.0199326,0.0151447,0.0119171,0.0116461,0.0079254,0.00682041,0.0038674,0.00383167,0.00404609,0.00308952,0.00244746,0.00195958,0.000899365,0.0018015,0.00146616,0.00175656,0.0005345,0.000421558,0.000221124,0.000860247,0.000496027,0.00082319,0.00104429,0.000114601,0,0.000123166,9.91219e-06,0.000522909,0.000127749,0.000120867,0.000126984,0.000120432,0,0,4.04419e-06,0.000148619,0,0,6.86275e-06,7.26842e-05,0.000103329,4.40488e-05,5.15211e-05,9.20515e-05,1.03134e-06,1.13711e-06,2.21429e-06,4.52412e-05,0,5.79069e-07,0,0,0,0,0,0,0}:
{0,97,0,0,0,0,0,0,0,0,0,0,0,0,0,0,0,0,0,0,0,0,1.02175e-06,0.000245384,0.00127701,0.00313249,0.00724224,0.0148009,0.027806,0.042373,0.0587039,0.0736393,0.0841523,0.0906303,0.0845409,0.0782485,0.074844,0.0637418,0.0530951,0.0449452,0.039949,0.0336473,0.0270348,0.0223856,0.018366,0.0136126,0.0157791,0.0115878,0.0108881,0.00705859,0.00811032,0.00550675,0.00352007,0.00424696,0.00313551,0.00157485,0.00266091,0.00156601,0.00201109,0.00114135,0.000399937,0.000801409,0.000232397,0.00104899,0.00107995,0.000366379,0.000508203,0.000133892,0.000613184,0.000128755,2.91227e-05,0.000536395,0.000412526,0.000438434,0.000240863,6.5866e-06,0.000135263,0.000865101,6.96208e-06,1.37303e-05,0,0.000430972,5.57592e-05,4.09007e-05,6.8008e-07,4.99703e-05,1.75138e-06,0,0,0,0,0,1.86587e-05,0,0,0,0,0,0,0}:
{0,97,0,0,0,0,0,0,0,0,0,0,0,0,0,0,0,0,0,0,0,6.80598e-05,6.41646e-05,0.00012516,0.000361404,0.00142161,0.00348677,0.00738901,0.0156851,0.0285768,0.0452228,0.0596275,0.0728149,0.0831283,0.0842587,0.0880415,0.0847352,0.076826,0.0627991,0.0604038,0.0487652,0.0426119,0.0313125,0.0284092,0.0245093,0.0181786,0.0159359,0.0156844,0.0123709,0.00902274,0.00817354,0.00667487,0.00457663,0.00214659,0.00248976,0.00241051,0.00155239,0.00168823,0.00116586,0.00163757,0.00124464,0.000236148,0.000577486,0.000223568,0.000936471,0.000593212,0.000146353,0.000619249,0.000126782,0.00079668,0.000118771,6.40526e-06,0.000133759,0.000535243,0,1.05215e-05,0.000139355,0.000130971,0,0.000136921,0.000143514,0.000128674,0.000310454,0.000151931,2.49813e-05,0,0,2.75771e-06,0,0,0,0,4.84654e-07,0,0,0,0,0,0,0}:
{0,97,0,0,0,0,0,0,0,0,0,0,0,0,0,0,0,0,0,0,0,6.80598e-05,6.41646e-05,0.00012516,0.000261664,0.00037402,0.00198093,0.0036777,0.0073538,0.0148825,0.0285112,0.0429389,0.0587836,0.0714417,0.082443,0.0849792,0.0870524,0.0827967,0.0723967,0.0640442,0.0578247,0.0479093,0.0403528,0.0323279,0.0284517,0.0241316,0.0213024,0.014304,0.0117679,0.0121175,0.0101051,0.00597658,0.00626369,0.00668276,0.00422602,0.00367629,0.00219596,0.00118034,0.00264343,0.00115118,0.000844946,0.00083069,0.000793469,0.000253273,0.00129307,0.000120278,0.000727641,0.000736104,0.000132836,0.000245099,0.000815845,0.000136733,0.000127313,0.000146675,0.000137115,0.000547647,6.84892e-06,0,0,0.000264302,0.000434346,0.000139636,0.000210964,1.91256e-05,2.13443e-05,0.000107397,0,3.4095e-05,0,4.1517e-05,0,0,1.06354e-05,0,0,0,0,0,0,0}:
{0,97,0,0,0,0,0,0,0,0,0,0,0,0,0,0,0,0,0,0,0,0,0,0,0.000121745,5.95743e-05,0.000587557,0.00211024,0.00476182,0.0089048,0.0171731,0.0301525,0.041694,0.0610585,0.0715896,0.0784743,0.0828092,0.0826205,0.0816272,0.0756916,0.0670555,0.0589478,0.0462202,0.0403539,0.0351301,0.0298265,0.0266634,0.0217467,0.0178784,0.0121747,0.0114492,0.00904375,0.00585051,0.00613175,0.00371574,0.00400129,0.00279943,0.00321766,0.00329342,0.00166878,0.00245116,0.0011492,0.000761829,0.000496027,0.00107452,0.000699692,0.000747169,0.000136348,0.00050692,0.000120051,0.000924497,0.000265812,0.000127313,6.56352e-06,0.00094001,0.000123496,0,0.000135015,0.000130536,4.10127e-06,0.000133813,6.86275e-06,9.45495e-05,2.11657e-05,7.26277e-05,1.55082e-06,0,0,0.000122572,0,0,0,4.84654e-07,0,0,0,0,0,0,0}:
{0,97,0,0,0,0,0,0,0,0,0,0,0,0,0,0,0,0,0,0,0,0,0,6.25798e-05,0,0.000117281,0.000380202,0.000589078,0.00210087,0.00440205,0.00898864,0.0163794,0.0292511,0.0411385,0.0553909,0.0697817,0.0803501,0.0844298,0.0825002,0.0794258,0.0742684,0.0651363,0.0530272,0.0477648,0.0400933,0.0372316,0.027153,0.0286297,0.0190917,0.0164331,0.0128323,0.00977948,0.0101464,0.00833049,0.00608922,0.00423218,0.00629065,0.00339756,0.00338697,0.00238717,0.000941583,0.00265871,0.0020872,0.00023842,0.00044319,0.000905866,0.00052773,1.22028e-05,0.000234225,0.00012255,0.000526693,0.000246597,0.00052569,0.000260532,0.000272979,1.05215e-05,6.84892e-06,1.08138e-05,2.7758e-05,6.86515e-06,0.000133813,0,9.51006e-05,2.0755e-05,3.17863e-06,2.64096e-05,2.9825e-05,2.75771e-06,1.13711e-06,0.000139055,0,0,5.79069e-07,0,0,0,0,0,0,0}:
{0,97,0,0,0,0,0,0,0,0,0,0,0,0,0,0,0,0,0,0,0,0,0,0,6.08725e-05,5.95743e-05,9.15507e-07,0.000341005,0.000566625,0.00228767,0.00425055,0.00927143,0.0175126,0.029028,0.0412436,0.0566876,0.069021,0.0818434,0.0891811,0.0798439,0.0765859,0.0715867,0.0675437,0.0558593,0.0475378,0.0408712,0.033034,0.0283634,0.0231071,0.0189538,0.0146905,0.0122531,0.0101488,0.00774387,0.00923384,0.00794668,0.00648674,0.00352072,0.00337345,0.00255219,0.00148738,0.00285286,0.00256416,0.00153497,0.00149974,0.000775494,0.000737405,0.00150607,0.000499688,0.000893495,0.000651799,0.000648838,0.00077387,0.000133548,0.00042005,0,0.000139355,0.000260624,0.000444172,6.86515e-06,0.000438478,0.000135536,2.06151e-05,2.09537e-05,1.81847e-06,4.86724e-05,2.74835e-05,0,3.56882e-05,0,0,1.63332e-06,2.89535e-07,0,0,0,0,0,0,0}:
{0,97,0,0,0,0,0,0,0,0,0,0,0,0,0,0,0,0,0,0,0,0,0,0,0,0,3.43307e-05,0.000170233,0.000174276,0.00141264,0.00215031,0.00449945,0.010377,0.018789,0.0299883,0.0430538,0.0542973,0.0681836,0.0781,0.0768555,0.080709,0.0778185,0.0693179,0.062733,0.0586079,0.0489088,0.0411311,0.0333509,0.0286577,0.0272716,0.0207864,0.0191801,0.0148834,0.0109603,0.00967277,0.00997563,0.00525331,0.00651087,0.00517951,0.00462225,0.00391643,0.0040353,0.00209432,0.00300884,0.00278816,0.0025342,0.0014968,0.000886822,0.0015063,0.000478997,0.000903244,0.000775339,0.000266179,0.000137469,0.000140952,6.5866e-06,0.00026092,0,2.08863e-05,1.37303e-05,0,0.000261447,5.39142e-05,0.000149481,0.000114858,2.07337e-06,8.75688e-07,1.72637e-06,0,0,0,0,9.69308e-07,0,0,0,0,0,0,0}:
{0,97,0,0,0,0,0,0,0,0,0,0,0,0,0,0,0,0,0,0,0,0,0,0,0,9.33786e-07,9.15507e-07,0,7.4023e-05,0.000291305,0.000855682,0.00189654,0.00557902,0.0103979,0.0179665,0.0309851,0.039481,0.0568795,0.0641014,0.070784,0.083087,0.0795937,0.0760674,0.0732272,0.0705309,0.0615681,0.0455745,0.0436763,0.036725,0.0310532,0.0265623,0.0205804,0.0186929,0.0152783,0.0133538,0.00786122,0.00694642,0.0064896,0.00414929,0.00440357,0.00180607,0.00513258,0.00238141,0.000805323,0.0014382,0.00199834,0.00183084,0.00192212,0.000161844,0.00103429,0.000372766,0.00135111,0.000944662,0.000256611,0.000133278,1.57395e-05,0.000139355,0.000126927,0.000134695,0.000559841,1.10484e-05,4.09984e-06,9.76884e-05,4.151e-05,0.000115538,5.02232e-05,1.46582e-06,3.68528e-05,1.13711e-06,1.32283e-06,0,2.73403e-06,4.84654e-07,0,0,0,0,0,0,0}:
{0,97,0,0,0,0,0,0,0,0,0,0,0,0,0,0,0,0,0,0,0,0,0,0,0,0,0,0,7.4023e-05,0.000270103,0.000340835,0.00126461,0.00195551,0.00602423,0.0109119,0.0190808,0.0290621,0.0414803,0.0538652,0.0668955,0.067889,0.0774765,0.077874,0.0729572,0.0689719,0.0622218,0.0571712,0.0514598,0.0417565,0.0311912,0.0338877,0.0297761,0.0211016,0.0168303,0.0175436,0.00948113,0.0111618,0.00812717,0.00725538,0.00663464,0.00605531,0.00414042,0.00298939,0.00354861,0.00258334,0.00223203,0.00203408,0.00143697,0.00137249,0.000772154,0.000122555,0.00132197,0.00084573,0.00109145,0.000120432,0.000381009,1.09405e-05,0.000699284,0.000268034,0.000136921,0.000129681,1.78253e-05,0.000277606,9.23509e-05,9.69289e-05,2.5887e-05,3.04151e-05,1.03134e-06,0,4.41627e-05,3.85441e-06,0,7.74188e-07,0,0,0,0,0,0,0}:
{0,97,0,0,0,0,0,0,0,0,0,0,0,0,0,0,0,0,0,0,0,0,0,0,0,0,0,0,0,1.47917e-06,0.000198179,0.000547808,0.00132335,0.00266219,0.00526756,0.00867137,0.0177467,0.027002,0.0460287,0.0539698,0.066499,0.0773056,0.0809089,0.0758633,0.0767315,0.0700742,0.0670148,0.0549974,0.0452934,0.0402017,0.0330858,0.0274935,0.0235244,0.0187748,0.0174654,0.0197342,0.0136407,0.0111444,0.00774939,0.00779512,0.00451924,0.00377458,0.00519071,0.00340025,0.00346025,0.00307701,0.00202818,0.00205363,0.00096481,0.00105903,0.000807261,0.00102701,0.000434376,0.00120403,0.000531472,1.71081e-05,1.09405e-05,2.29464e-05,0.00114661,0.000147888,0.000266279,0.000132773,8.70335e-05,0.000169215,2.43012e-05,2.51116e-05,9.49831e-05,6.57687e-05,1.90342e-06,4.50541e-05,1.44149e-06,0,0,0,0,0,0,0,0,0}:
{0,97,0,0,0,0,0,0,0,0,0,0,0,0,0,0,0,0,0,0,0,0,0,0,0,0,0,0,0,5.90763e-05,0.000119815,0.000430298,0.00069903,0.00167227,0.00314438,0.00682584,0.0106864,0.0198061,0.0288416,0.0452014,0.0529391,0.0651794,0.0737596,0.0752811,0.0750564,0.0728064,0.0691381,0.0643515,0.0557545,0.0497751,0.0465295,0.0358957,0.0299245,0.0273691,0.0211779,0.0170147,0.0131347,0.0147346,0.00810423,0.0088429,0.00626837,0.00692045,0.00537177,0.00560766,0.00350264,0.00436917,0.00284843,0.00272782,0.002203,0.001971,0.000630545,0.00129892,0.000417938,0.00191189,0.000409789,0.000564755,0.00016675,2.03088e-05,0.000141657,0.00013282,1.10484e-05,0.000997479,0.000265992,0.000108218,6.81557e-06,0.000133031,0.000121001,3.23687e-05,1.13711e-06,0,1.44149e-06,0,3.98122e-05,0,0,0,0,0,0,0}:
{0,97,0,0,0,0,0,0,0,0,0,0,0,0,0,0,0,0,0,0,0,0,0,0,0,0,0,0,0,0,0,0.000122942,8.54791e-05,0.000466075,0.00188137,0.00390099,0.00583701,0.00914516,0.018739,0.0304097,0.0433755,0.0535695,0.0658452,0.0812326,0.070718,0.0723716,0.0752722,0.058363,0.0604316,0.0562082,0.0466305,0.0392766,0.0354485,0.0326083,0.0258977,0.0228067,0.0188661,0.0166599,0.0126807,0.0104196,0.0082233,0.00547539,0.00685516,0.00813312,0.00400671,0.00319192,0.00410232,0.00232902,0.00171452,0.00205632,0.00245574,0.00173061,0.00155929,0.000142754,0.000740524,0.000629284,0.00155399,0.000155324,0.000274996,0.000283471,0.0011391,4.09984e-06,3.84627e-05,8.70519e-05,7.44462e-05,0.000100969,0,1.72637e-06,0,1.32283e-06,0,0.000174427,3.07251e-05,0,0,0,0,0,0,0}:
{0,97,0,0,0,0,0,0,0,0,0,0,0,0,0,0,0,0,0,0,0,0,0,0,0,0,0,0,0,0,9.53961e-07,0,1.91383e-05,0.000202628,0.00049437,0.00220848,0.00253418,0.00589189,0.0119914,0.0178853,0.0300342,0.0397679,0.0561853,0.0668422,0.0702451,0.073356,0.0799044,0.0674937,0.0685999,0.0624044,0.057185,0.0472543,0.0413197,0.0344269,0.0279322,0.0230437,0.0236474,0.0150419,0.0161128,0.0111899,0.0117258,0.00815248,0.00763994,0.0100773,0.00515973,0.00408173,0.00256477,0.00205875,0.00347499,0.00150837,0.00322354,0.00290819,0.000538805,0.000638927,0.00106812,0.000547647,0.00138756,0.000289021,0.000723327,0.000403987,1.51804e-05,0.000261447,0.000170924,0.000106999,0.000147074,3.37133e-06,1.46582e-06,1.03134e-06,3.75916e-05,0,0,0.000104157,9.37658e-06,0,0,0,0,0,0,0}:
{0,97,0,0,0,0,0,0,0,0,0,0,0,0,0,0,0,0,0,0,0,0,0,0,0,0,0,0,0,0,0,0,8.32388e-05,0.000135442,0.000515087,0.000739886,0.00189213,0.00349003,0.00581723,0.0161407,0.0182514,0.0291025,0.0426146,0.0544572,0.0625385,0.0672339,0.0779072,0.0721293,0.0704418,0.0666872,0.0639514,0.0589449,0.0524293,0.0439469,0.0355194,0.0331229,0.0231844,0.0215326,0.0231097,0.0161213,0.0135728,0.00990897,0.00869412,0.00739221,0.00719072,0.00589555,0.00558806,0.00333014,0.00292595,0.00226199,0.00232808,0.00375713,0.0017929,0.000969982,0.00108864,0.00043989,0.000665286,0.00139312,0.00172548,0.000150651,0.000842701,0.000571945,0.000158567,0.000155389,0.000139159,0.000107144,9.49831e-05,2.06268e-06,3.75916e-05,8.43568e-05,0,0,1.84636e-05,0,0,0,0,0,0,0}:
{0,97,0,0,0,0,0,0,0,0,0,0,0,0,0,0,0,0,0,0,0,0,0,0,0,0,0,0,0,0,0,6.14712e-05,6.0979e-07,0,7.18983e-05,0.00040869,0.000554035,0.00197811,0.00486801,0.00840031,0.0129057,0.0228401,0.0287961,0.039549,0.053991,0.0654745,0.065933,0.0742239,0.0746293,0.0735661,0.0679623,0.0621283,0.0522361,0.0464623,0.0420866,0.0354498,0.0313222,0.0229429,0.0232118,0.0201737,0.0159113,0.0111451,0.0125952,0.00848995,0.00725093,0.00934583,0.00737029,0.00371615,0.0039443,0.00258738,0.00400924,0.00261221,0.00139266,0.000975182,0.00198274,0.00150499,0.000964217,0.00109897,0.000441699,3.01354e-05,0.000274542,0.000269647,0.000574645,0.000167025,0.00023427,0.000167167,0.000121001,3.23687e-05,1.13711e-06,0.000141269,2.41292e-06,0,4.01017e-05,0,3.67597e-06,0,0,0,0,0}:
{0,97,0,0,0,0,0,0,0,0,0,0,0,0,0,0,0,0,0,0,0,0,0,0,0,0,0,0,0,0,0,0,0,0,0,9.96827e-05,0.000109337,0.000819849,0.00244294,0.00394073,0.00677746,0.0120717,0.0213394,0.0311039,0.0403908,0.0543727,0.0563679,0.0699524,0.0736638,0.0733569,0.0717339,0.0634208,0.0628683,0.0571927,0.0501056,0.0362324,0.0377165,0.0330595,0.02463,0.0264495,0.0166585,0.0166207,0.0123748,0.0116151,0.00848247,0.00734065,0.00621266,0.00637654,0.00524216,0.00444327,0.00404695,0.00304639,0.00203494,0.00269485,0.000790575,0.00122538,0.00112421,0.00108411,0.000152779,0.00125526,0.000400092,0.000275173,0.000632162,8.098e-05,9.7609e-05,7.50819e-05,9.4393e-05,3.34e-05,0.000120669,0,1.44149e-06,0,9.37658e-06,0,0,0,0,0,0,0}:
{0,97,0,0,0,0,0,0,0,0,0,0,0,0,0,0,0,0,0,0,0,0,0,0,0,0,0,0,0,0,0,0,0,0,0,7.7986e-05,0.000332718,0.000731084,0.000888046,0.0017087,0.00475671,0.00684361,0.0125131,0.0203055,0.0287944,0.0418868,0.0461341,0.0652211,0.0762305,0.0732047,0.0769652,0.0701026,0.0654335,0.0626491,0.0587619,0.0571423,0.0439441,0.0356532,0.0337156,0.0301731,0.0190695,0.0206672,0.0151532,0.0127094,0.0116902,0.00798269,0.00896602,0.00665079,0.00434475,0.00521314,0.00441368,0.00249727,0.00267799,0.00187049,0.00137313,0.000223492,0.000830377,0.000986898,0.00028892,0.00187404,0.0014123,0.000914441,0.000503658,0.000268725,0.000160267,0.000270165,0.000148484,3.51264e-05,3.04053e-06,4.1517e-05,0,0,2.89535e-07,0,0,0,0,0,0,0}:
{0,97,0,0,0,0,0,0,0,0,0,0,0,0,0,0,0,0,0,0,0,0,0,0,0,0,0,0,0,0,0,0,0,0,7.01148e-05,7.67636e-05,0.000248947,0.000381041,0.000488679,0.00157668,0.00236281,0.00491137,0.00911393,0.012131,0.0220679,0.0289499,0.0426463,0.0550421,0.0609688,0.0654313,0.0712372,0.0771561,0.0723073,0.0670135,0.0602821,0.0528258,0.0538414,0.0440786,0.038541,0.0270768,0.0254712,0.0254158,0.0185641,0.0154639,0.01338,0.0117931,0.0118965,0.00640758,0.00674172,0.00637546,0.00481905,0.00477959,0.0033181,0.00243063,0.00124886,0.00130065,0.000609128,0.00158633,0.000767812,0.00115124,0.000538037,0.000295672,0.000491741,4.65971e-05,0.000209732,4.66929e-06,2.74835e-05,0,0.000119532,0,0,0,4.84654e-07,0,0,0,0,0,0,0}:
{0,97,0,0,0,0,0,0,0,0,0,0,0,0,0,0,0,0,0,0,0,0,0,0,0,0,0,0,0,0,0,0,0,0,0,0,0,0,0.000199837,0.000558554,0.000884938,0.00151365,0.00542728,0.00842776,0.0151468,0.02138,0.0312457,0.0388549,0.0522264,0.0650917,0.0609259,0.068181,0.0804257,0.0681406,0.0667598,0.0586447,0.0520164,0.0523929,0.0431522,0.0313062,0.0302157,0.0272373,0.025416,0.0203464,0.0183356,0.014436,0.0101719,0.00727652,0.00911479,0.0061706,0.00545972,0.00740533,0.00556614,0.00108407,0.0050651,0.00164052,0.00152306,0.00112473,0.00121614,0.00154694,0.00216505,0.00182133,0.000470575,0.00051291,0.000346851,0.000172612,3.15764e-05,0.000110476,1.13711e-06,0,3.85441e-06,0,9.37658e-06,0,0,0,0,0,0,0}:
{0,97,0,0,0,0,0,0,0,0,0,0,0,0,0,0,0,0,0,0,0,0,0,0,0,0,0,0,0,0,0,0,0,0,0,0,0,0.000228363,0.000227723,0.000353332,0.000775251,0.00125836,0.00246142,0.00438142,0.00861463,0.0144349,0.0209676,0.0289269,0.0420277,0.0536381,0.0603362,0.0671853,0.0667897,0.0690692,0.0719511,0.0655338,0.058645,0.0564794,0.0545149,0.0417121,0.038253,0.0345268,0.0284961,0.0216332,0.0211205,0.0186388,0.0124405,0.0129585,0.00706098,0.0081289,0.00867374,0.00575948,0.00448442,0.0044137,0.00328844,0.003381,0.00295957,0.00364861,0.00180052,0.000991199,0.00191952,0.00227833,0.000443158,0.000233521,4.76857e-05,2.64096e-05,5.87743e-05,5.17911e-06,3.79624e-05,0,0,1.63332e-06,3.04356e-05,0,0,0,0,0,0,0}:
{0,97,0,0,0,0,0,0,0,0,0,0,0,0,0,0,0,0,0,0,0,0,0,0,0,0,0,0,0,0,0,0,0,0,0,0,0,8.36469e-07,9.86635e-05,1.69267e-06,0.000270028,0.000908955,0.00264058,0.00191064,0.00519681,0.00797888,0.0138754,0.0233402,0.0309197,0.0417506,0.0458596,0.0570642,0.0627877,0.0702517,0.0702753,0.0726866,0.0657976,0.059882,0.0571421,0.0470662,0.045052,0.0366241,0.0292812,0.0262721,0.0245337,0.0199934,0.0150103,0.016614,0.0129796,0.012527,0.00933195,0.00573702,0.00606626,0.00500898,0.00257969,0.00299341,0.00229764,0.00284403,0.00284738,0.00144024,0.000819496,0.0013042,0.000856492,0.000426503,0.000109442,0.000207338,3.01105e-05,4.48408e-06,3.56882e-05,5.12369e-05,4.90956e-05,1.63332e-06,1.7435e-06,0,0,0,0,0,0,0}:
{0,97,0,0,0,0,0,0,0,0,0,0,0,0,0,0,0,0,0,0,0,0,0,0,0,0,0,0,0,0,0,0,0,0,0,0,0,0,2.94576e-05,0.000106297,1.85782e-06,0.000292331,0.00098555,0.00110861,0.00356776,0.00383766,0.00808172,0.015101,0.0198565,0.0293776,0.039037,0.0491718,0.0608892,0.0622584,0.0680946,0.0717764,0.0778327,0.0628257,0.0597893,0.0558634,0.0536934,0.0481919,0.0356728,0.0325337,0.0252262,0.0248383,0.0204821,0.0196973,0.0139416,0.0127947,0.00784983,0.010707,0.00818295,0.0062878,0.00453799,0.0039836,0.00376398,0.000770849,0.00361215,0.00237551,0.00272662,0.00106914,0.00110576,0.000250195,0.000232895,0.000192026,0.000119535,3.23687e-05,0.000125242,2.21429e-06,0,0,5.79069e-07,0,0,0,0,0,0,0}:
{0,97,0,0,0,0,0,0,0,0,0,0,0,0,0,0,0,0,0,0,0,0,0,0,0,0,0,0,0,0,0,0,0,0,0,0,0,0,0,0.000106297,0.000118526,3.75559e-05,0.00017625,0.000380601,0.00200532,0.00315294,0.00503769,0.00740657,0.0137411,0.0220593,0.0289064,0.0419952,0.0504504,0.0628173,0.0659675,0.0767123,0.0632491,0.0723862,0.0652753,0.0591662,0.0494961,0.0420164,0.0435389,0.0412346,0.0358489,0.0262534,0.0206683,0.0176459,0.013169,0.0147177,0.0124086,0.00912529,0.00866267,0.00716904,0.00430024,0.00453814,0.0035937,0.0024056,0.0049547,0.00328958,0.00270318,0.000846017,0.00099686,0.00048429,0.000238587,0.00018943,4.09288e-06,0.000140782,0.00015522,1.32283e-06,4.52412e-05,5.56292e-05,8.68604e-07,1.47611e-06,0,0,0,0,0,0}:
{0,97,0,0,0,0,0,0,0,0,0,0,0,0,0,0,0,0,0,0,0,0,0,0,0,0,0,0,0,0,0,0,0,0,0,0,0,0,0,0,3.66911e-05,0.000129794,0.000136885,0.000578756,0.000918212,0.00173984,0.00339782,0.00710296,0.0102363,0.0136419,0.0218778,0.0348714,0.0406575,0.0505945,0.0566408,0.0604989,0.0677987,0.065138,0.0610228,0.0689385,0.0609105,0.047358,0.04212,0.0429697,0.0360561,0.0352717,0.026332,0.0242139,0.0225325,0.0177104,0.0134903,0.0117932,0.00863658,0.0103787,0.00706199,0.00719255,0.00565891,0.00309844,0.00416349,0.00519121,0.00409877,0.00208854,0.00165841,0.000474332,1.24927e-05,5.20437e-05,9.4393e-05,0.000146993,0.000122572,8.52483e-05,4.76541e-05,0,3.07251e-05,0,0,0,0,0,0,0}:
{0,97,0,0,0,0,0,0,0,0,0,0,0,0,0,0,0,0,0,0,0,0,0,0,0,0,0,0,0,0,0,0,0,0,0,0,0,0,0,0,0,0,4.15104e-05,0.000328401,0.000512326,0.000555687,0.00158896,0.00371315,0.00479654,0.00892529,0.014153,0.0208604,0.0263852,0.0365372,0.0495753,0.0527188,0.0615242,0.0622637,0.0642445,0.0648738,0.0611118,0.0594221,0.0636099,0.0471833,0.0434996,0.0390949,0.0364356,0.0332015,0.0209323,0.0183293,0.0224677,0.0160742,0.01061,0.00935587,0.00611956,0.00973383,0.00801267,0.00693306,0.0045375,0.00624598,0.00312974,0.00454846,0.00152349,0.000420479,0.000187983,3.08091e-05,0.000115493,3.78905e-06,0.000159398,4.37313e-05,3.85441e-06,0,1.54838e-06,8.81834e-07,0,0,0,0,0,0}:
{0,97,0,0,0,0,0,0,0,0,0,0,0,0,0,0,0,0,0,0,0,0,0,0,0,0,0,0,0,0,0,0,0,0,0,0,0,0,0,0,0,0,0,0.000146506,0.000160195,0.00105349,0.000751739,0.00176974,0.00299765,0.00632307,0.0103554,0.015397,0.0238622,0.0346561,0.0412468,0.0441058,0.0558616,0.0624124,0.0620065,0.0642441,0.0669598,0.0637707,0.0566382,0.0547855,0.0463003,0.0417917,0.0310766,0.0276531,0.030173,0.0232445,0.0207454,0.0196956,0.0156617,0.0117891,0.0091037,0.00800338,0.0066925,0.00650287,0.00592686,0.00576469,0.00294751,0.00254411,0.00103543,0.000724492,0.000113079,0.000290399,9.702e-05,3.68528e-05,1.13711e-06,4.50541e-05,0,2.73403e-06,4.07815e-05,0,0,0,0,0,0,0}:
{0,97,0,0,0,0,0,0,0,0,0,0,0,0,0,0,0,0,0,0,0,0,0,0,0,0,0,0,0,0,0,0,0,0,0,0,0,8.79289e-05,0,0,0,2.00303e-06,0,1.35914e-06,0.000156282,0.000331502,0.000467215,0.00091769,0.00112856,0.00253641,0.00526745,0.00910735,0.0150294,0.0201444,0.027145,0.0439243,0.0450289,0.0537793,0.058672,0.0686151,0.0661555,0.0673049,0.0689085,0.0575935,0.0612595,0.0445779,0.0394571,0.0380987,0.0356094,0.0243382,0.02476,0.0199154,0.0180088,0.0126016,0.0142875,0.0118982,0.0109459,0.00707813,0.00764739,0.00483667,0.00372398,0.00330893,0.00252075,0.00079048,0.000313018,0.000323489,2.83592e-05,0.000146634,0.000158261,7.07424e-06,0.000156824,0,4.00073e-05,0,6.89229e-05,0,0,0,0,0}:
{0,97,0,0,0,0,0,0,0,0,0,0,0,0,0,0,0,0,0,0,0,0,0,0,0,0,0,0,0,0,0,0,0,0,0,0,0,0,0,0,0,0,0,0,0,4.2162e-06,0.000289498,0.000548331,0.000875346,0.00204663,0.0032835,0.00697556,0.0104166,0.0160704,0.0200772,0.0258675,0.0389226,0.0508851,0.0552405,0.0648483,0.0765431,0.064949,0.0649334,0.0607129,0.0594536,0.0609492,0.048915,0.0438219,0.0361047,0.0337466,0.0268885,0.0220443,0.0167468,0.0156487,0.0126854,0.0116884,0.0111235,0.0103917,0.0109008,0.0079005,0.00498353,0.00478159,0.00234227,0.000701595,0.000215646,0.000268911,0.000122752,0.000179698,3.98659e-05,0.000141269,1.44149e-06,5.12619e-05,1.06372e-06,0,0,0,0,0,0,0}:
{0,97,0,0,0,0,0,0,0,0,0,0,0,0,0,0,0,0,0,0,0,0,0,0,0,0,0,0,0,0,0,0,0,0,0,0,0,0,0,0,0,0,0,0,4.59292e-05,2.6394e-06,0.000106121,6.0686e-05,0.000534755,0.00118297,0.00282519,0.00372798,0.00628153,0.0125987,0.0150146,0.0247971,0.0343231,0.0405968,0.0456721,0.0556834,0.0583134,0.0635624,0.0610279,0.0649495,0.0610039,0.0568051,0.0581795,0.047263,0.0466617,0.0369323,0.0334776,0.0321453,0.0284094,0.0273078,0.0201615,0.0137574,0.0146828,0.0145354,0.00939629,0.00628829,0.00493832,0.00547963,0.00350676,0.00109563,0.000314615,0.000133346,0.000392523,0.000138443,4.94394e-06,8.43568e-05,0,0,4.84654e-07,0,0,0,0,0,0,0}:
{0,97,0,0,0,0,0,0,0,0,0,0,0,0,0,0,0,0,0,0,0,0,0,0,0,0,0,0,0,0,0,0,0,0,0,0,0,0,0,0,0,0,0,0,0.000153833,0,5.30604e-05,0.000190283,0.000243517,0.00134976,0.00119071,0.00302939,0.00447541,0.0040422,0.00996737,0.0181525,0.024489,0.0329665,0.0399576,0.0446769,0.0515533,0.061794,0.0606317,0.0604655,0.0688056,0.0574397,0.0602767,0.0602669,0.0435278,0.0430794,0.0369524,0.0349143,0.0295698,0.0256883,0.0191584,0.0197689,0.0169773,0.013011,0.00990845,0.00579705,0.00996635,0.00562517,0.0037519,0.000880866,0.000230435,0.000296366,0.000299596,0.000254711,1.13711e-06,0.000180572,1.44149e-06,4.89997e-06,3.04356e-05,0,6.89229e-05,0,0,0,0,0}:
{0,97,0,0,0,0,0,0,0,0,0,0,0,0,0,0,0,0,0,0,0,0,0,0,0,0,0,0,0,0,0,0,0,0,0,0,0,0,0,0,0,0,0,0,0,0,0,0,0,0.000197561,0.000775811,0.0016425,0.00166743,0.00412068,0.00514885,0.00862726,0.0156507,0.0224788,0.0327242,0.0356039,0.0470967,0.0608741,0.0600368,0.0588527,0.0629159,0.067784,0.0636793,0.0595148,0.0563087,0.0437691,0.0477459,0.0349097,0.0295877,0.0298157,0.0257174,0.0231679,0.0170282,0.0153324,0.0124622,0.0130387,0.00945176,0.00732889,0.00365031,0.00135435,0.000680036,5.92921e-05,0.000329421,7.16204e-05,4.17764e-06,2.64566e-06,4.66827e-05,0.000177161,9.66612e-06,0,6.89229e-05,0,0,0,0,0}:
{0,97,0,0,0,0,0,0,0,0,0,0,0,0,0,0,0,0,0,0,0,0,0,0,0,0,0,0,0,0,0,0,0,0,0,0,0,0,0,0,0,0,0,0,0,0,0,0,0,0.00028098,0.000374215,0.000323484,0.00136852,0.00276282,0.00545795,0.00685661,0.0101421,0.0188374,0.0235346,0.028769,0.0442026,0.0445911,0.0492698,0.0600112,0.0559094,0.0592335,0.0646309,0.0641035,0.0559433,0.0519947,0.0491166,0.0454937,0.044026,0.0378201,0.0311901,0.0260947,0.0221281,0.0203818,0.0164106,0.0158692,0.0130073,0.00896537,0.00525662,0.00125466,0.000491505,0.000138476,0.000209886,0.000110476,3.79624e-05,0,1.44149e-06,0.000171693,4.1071e-05,0,0,0,0,0,0,0}:
{0,97,0,0,0,0,0,0,0,0,0,0,0,0,0,0,0,0,0,0,0,0,0,0,0,0,0,0,0,0,0,0,0,0,0,0,0,0,0,0,0,0,0,0,0,0,0,0,0.000205845,0,0.000226191,0.000621903,0.000869524,0.000678654,0.00178187,0.00344525,0.00687166,0.0112654,0.0160825,0.0288624,0.0324818,0.0437136,0.049651,0.054322,0.055314,0.0691346,0.064175,0.060599,0.0611619,0.0613398,0.0468153,0.0488695,0.0353414,0.0385401,0.0408553,0.0306118,0.0248128,0.0181765,0.0148864,0.0176443,0.0158862,0.0136256,0.00680076,0.00186397,0.000971946,0.000354315,0.000251349,0.000179698,7.89654e-05,9.01083e-05,0.000198211,2.73403e-06,3.95226e-05,0,0,0,0,0,0,0}:
{0,97,0,0,0,0,0,0,0,0,0,0,0,0,0,0,0,0,0,0,0,0,0,0,0,0,0,0,0,0,0,0,0,0,0,0,0,0,0,0,0,0,0,0,0,0,0,0,0,0,0.000293724,0,0.000394571,0.0013479,0.00239643,0.00352468,0.00321062,0.00602146,0.0139728,0.0179325,0.026739,0.0311851,0.0419775,0.0484425,0.0560146,0.0542736,0.0600215,0.0621028,0.0688903,0.06205,0.0560402,0.0514589,0.049276,0.042862,0.0395746,0.0382452,0.0342288,0.0251825,0.0206401,0.0174245,0.015827,0.0136814,0.00713975,0.00184198,0.000573422,0.000549207,0.000552074,7.47369e-05,0.000124476,0,0.000293018,2.73403e-06,1.06354e-05,0,0,0,0,0,0,0}:
{0,97,0,0,0,0,0,0,0,0,0,0,0,0,0,0,0,0,0,0,0,0,0,0,0,0,0,0,0,0,0,0,0,0,0,0,0,0,0,0,0,0,0,0,0,0,0,1.7818e-06,1.93975e-06,0.000213756,2.15176e-06,7.73019e-05,0.000255744,0.000644331,0.000528543,0.00248906,0.00187355,0.00505146,0.0066137,0.012017,0.0139412,0.0179129,0.0357658,0.0373586,0.0451062,0.0554486,0.0577528,0.0631883,0.0630791,0.0573859,0.0640476,0.057019,0.0530164,0.052097,0.044138,0.0323658,0.0313269,0.029879,0.0204367,0.0169982,0.0219254,0.0176505,0.00814427,0.00248125,0.00078479,0.000399678,0.000149429,0.00014354,0.000431876,0.000267143,1.44149e-06,5.12619e-05,2.81297e-05,0,0,0,0,0,0,0}:
{0,97,0,0,0,0,0,0,0,0,0,0,0,0,0,0,0,0,0,0,0,0,0,0,0,0,0,0,0,0,0,0,0,0,0,0,0,0,0,0,0,0,0,0,0,0,0,0,0,0,0,0,0.000247923,0.000237931,0.00051423,0.00057275,0.00185332,0.00283176,0.00447917,0.00785355,0.0122096,0.0195897,0.0254234,0.0318995,0.0360721,0.0408443,0.0521297,0.0534473,0.0597485,0.0736462,0.0561499,0.0571161,0.0548444,0.0530707,0.0475323,0.0469189,0.034683,0.0361951,0.0310178,0.0296705,0.0187467,0.0173099,0.0104912,0.00355592,0.00119419,0.000198813,0.000283464,7.23155e-05,4.25356e-05,1.32283e-06,2.41292e-06,0,1.02452e-05,0,3.67597e-06,0,0,0,0,0}:
{0,97,0,0,0,0,0,0,0,0,0,0,0,0,0,0,0,0,0,0,0,0,0,0,0,0,0,0,0,0,0,0,0,0,0,0,0,0,0,0,0,0,0,0,0,0,0,0,6.08792e-05,0,0,7.12331e-05,0.000146648,0.000341272,0.00058387,0.00117847,0.00172283,0.00373579,0.00779674,0.0133862,0.0204135,0.0314812,0.0465542,0.0774129,0.103403,0.138043,0.183194,0.226617,0.279196,0.323533,0.365051,0.392024,0.42967,0.448441,0.448518,0.43842,0.423541,0.411122,0.395344,0.349375,0.323386,0.287175,0.169407,0.0527045,0.0162363,0.00630302,0.00284185,0.00161249,0.00102536,0.00148399,0.000814528,0.000469913,0.000265095,5.83049e-05,2.19604e-06,0,0,0,0,0}:
{0,97,0,0,0,0,0,0,0,0,0,0,0,0,0,0,0,0,0,0,0,0,0,0,0,0,0,0,0,0,0,0,0,0,0,0,0,0,0,0,0,0,0,0,0,0,0,0,0,0,0,0,0,0,0,0,0,0,9.2335e-05,0,0.000101792,0.00143762,0.00147701,0.0017063,0.00407643,0.00474169,0.0127803,0.0172111,0.0259051,0.0401679,0.0564768,0.0815061,0.117779,0.136898,0.18631,0.235151,0.283131,0.314114,0.350867,0.395825,0.398431,0.432576,0.385673,0.185715,0.0602618,0.0218356,0.00803988,0.00333622,0.00169211,0.00114575,0.00176816,0.000327691,0.00043469,0.000153054,3.67597e-06,0,0,0,0,0}:
{0,97,0,0,0,0,0,0,0,0,0,0,0,0,0,0,0,0,0,0,0,0,0,0,0,0,0,0,0,0,0,0,0,0,0,0,0,0,0,0,0,0,0,0,0,0,0,0,0,0,0,0,0,0,0,0,0,0,0,0,0,0,3.28283e-06,0,0,5.74274e-06,0.000229202,3.64502e-06,0.00011955,0.000895993,0.00208552,0.00565933,0.00648627,0.00599266,0.0148886,0.0215235,0.0309697,0.0481198,0.0636838,0.0848245,0.132473,0.159469,0.374965,0.669801,0.547038,0.253429,0.0850377,0.0283655,0.0126151,0.00515956,0.00300953,0.00213407,0.0010109,0.000274022,7.25988e-05,0.000173983,0,0,0,0}:
{0,97,0,0,0,0,0,0,0,0,0,0,0,0,0,0,0,0,0,0,0,0,0,0,0,0,0,0,0,0,0,0,0,0,0,0,0,0,0,0,0,0,0,0,0,0,0,0,0,0,0,0,0,0,0,0,0,0,0,0,0,0,0,0,0,0,0,0,0,0,0,0,0,0,0,0,0,0,0,0,6.91648e-06,0.000559645,0.00352439,0.0700602,0.363329,0.632827,0.533888,0.260523,0.0915093,0.0305895,0.0106993,0.00575857,0.00130701,0.000160722,0.000137846,0,0,0,0,0}:
{0,97,0,0,0,0,0,0,0,0,0,0,0,0,0,0,0,0,0,0,0,0,0,0,0,0,0,0,0,0,0,0,0,0,0,0,0,0,0,0,0,0,0,0,0,0,0,0,0,0,0,0,0,0,0,0,0,0,0,0,0,0,0,0,0,0,0,0,0,0,0,0,0,0,0,0,0,0,0,0,0,0,0,4.02913e-05,0.00431891,0.0800942,0.359832,0.620893,0.528386,0.26849,0.0870215,0.0300475,0.0043208,0.000393871,4.39209e-06,0,0,0,0,0}:
{0,97,0,0,0,0,0,0,0,0,0,0,0,0,0,0,0,0,0,0,0,0,0,0,0,0,0,0,0,0,0,0,0,0,0,0,0,0,0,0,0,0,0,0,0,0,0,0,0,0,0,0,0,0,0,0,0,0,0,0,0,0,0,0,0,0,0,0,0,0,0,0,0,0,0,0,0,0,0,0,0,0,0,0,0,0.000133807,0.00617681,0.0827282,0.354929,0.596233,0.530631,0.269563,0.0241628,0.000532176,2.19604e-06,0,0,0,0,0}:
{0,97,0,0,0,0,0,0,0,0,0,0,0,0,0,0,0,0,0,0,0,0,0,0,0,0,0,0,0,0,0,0,0,0,0,0,0,0,0,0,0,0,0,0,0,0,0,0,0,0,0,0,0,0,0,0,0,0,0,0,0,0,0,0,0,0,0,0,0,0,0,0,0,0,0,0,0,0,0,0,0,0,0,0,0,0,0,0.000327386,0.00772178,0.095023,0.355116,0.59911,0.139947,0.000434149,6.89229e-05,0,0,0,0,0};
>
