energy(#dis_numu)<
@energy =
{0,97,0,0,0,0,0,0,0,0,0,0,0,0,0,0,0,0,0,0,0,0,0,0,0,0,0,0,0,0,0,0,0,0,0,0,0,0,0,0,0,0,0,0,0,0,0,0,0,0,0,0,0,0,0,0,0,0,0,0,0,0,0,0,0,0,0,0,0,0,0,0,0,0,0,0,0,0,0,0,0,0,0,0,0,0,0,0,0,0,0,0,0,0,0,0,0,0,0,0}:
{0,97,0,0,0,0,0,0,0,0.00117027,0.000428413,0.000245437,0.000389763,0.00016264,0.000138439,0.000121601,0.000389703,9.55677e-05,0.000110497,0,0,2.01951e-05,0,0,5.92039e-05,0,5.68548e-05,5.55986e-05,0,0,0,0,0,0,0,0,0,0,0,0,0,0,0,0,0,0,0,0,0,0,0,0,0,0,0,0,0,0,0,0,0,0,0,0,0,0,0,0,0,0,0,0,0,0,0,0,0,0,0,0,0,0,0,0,0,0,0,0,0,0,0,0,0,0,0,0,0,0,0,0}:
{0,97,0,0,0,0,0,0.000635962,0.00440193,0.00305477,0.00128524,0.00122719,0.00103259,0.00069912,0.000456651,0.000608005,0.000389703,9.55677e-05,0.000365771,0.00015663,0.000145516,0.000155476,0.000130044,0,5.30288e-05,0.00017287,5.68548e-05,5.55986e-05,1.68598e-05,0,0,0,0,0,0,0,0,0,0,0,0,0,0,0,0,0,0,0,0,0,0,0,0,0,0,0,0,0,0,0,0,0,0,0,0,0,0,0,0,0,0,0,0,0,0,0,0,0,0,0,0,0,0,0,0,0,0,0,0,0,0,0,0,0,0,0,0,0,0,0}:
{0,97,0,0,0,0,0,0.00616799,0.00689426,0.00620845,0.0056726,0.00652793,0.00446195,0.00333296,0.0016055,0.00136123,0.000530386,0.00094571,0.000220994,0.000258327,0.000145516,0.000608763,0.000260087,0.000312201,5.92039e-05,0.00017287,0.000130685,5.55986e-05,0,0,0,0,0,0,1.9512e-05,0,0,0,0,0,0,0,0,0,0,0,0,0,0,0,0,0,0,0,0,0,0,0,0,0,0,0,0,0,0,0,0,0,0,0,0,0,0,0,0,0,0,0,0,0,0,0,0,0,0,0,0,0,0,0,0,0,0,0,0,0,0,0,0,0}:
{0,97,0,0,0,0,0.929549,0.549056,0.214989,0.142551,0.0955679,0.0562282,0.0409139,0.0275231,0.0187804,0.0155724,0.0106237,0.00998477,0.00621045,0.00483806,0.00284411,0.00221097,0.00186529,0.000717614,0.000858032,0.000495396,0.000596568,0.000939377,0.000372536,0.000355868,0.000379836,0.000117331,7.88372e-05,0.000127208,8.48643e-05,7.06161e-05,0,8.288e-05,0.000183747,2.88335e-05,6.5471e-05,0,0,0,0,0,0,0,0,0,0,0,0,0,0,0,0,0,0.00027516,0,0,0,0,0,0,0,0,0,0,0,0,0,0,0,0,0,0,0,0,0,0,0,0,0,0,0,0,0,0,0,0,0,0,0,0,0,0,0,0,0}:
{0,97,0,0,0,0,0,0.424969,0.532971,0.300095,0.175502,0.145221,0.101613,0.0655716,0.044326,0.0315695,0.0232329,0.019051,0.0143413,0.0101857,0.00906232,0.00673582,0.0053629,0.00314537,0.00312461,0.0017743,0.00197213,0.00151196,0.000914479,0.000937737,0.00064452,0.000345873,0.000242844,0.00033701,0.000261409,0.000141232,0.000101047,0.00013237,0.000146734,9.6573e-05,0.000142378,0.000115091,0,0,0,0,4.80041e-05,0,0,0,0,0,0,0,0,0,0,0,0,0,0,0,0,0,0,0,0,0,0,0,0,0,0,0,0,0,0,0,0,0,0,0,0,0,0,0,0,0,0,0,0,0,0,0,0,0,0,0,0,0}:
{0,97,0,0,0,0,0.070451,0.0170404,0.226211,0.357393,0.247035,0.169688,0.125889,0.0903638,0.0654186,0.0468768,0.0355802,0.0265596,0.018272,0.0163084,0.0102047,0.00902051,0.0065906,0.0049375,0.00468158,0.00308762,0.00234209,0.00243474,0.0016823,0.00118061,0.000898019,0.000780165,0.000339807,0.000203168,0.000280921,0.000656628,0.000178862,0.000190505,9.18737e-05,0,0.000142378,0.000149453,0.000125152,0,0,0,4.80041e-05,0.000169746,0,0,0,0,0,0,0,0,0,0,0,0,0,0,0,0,0,0,0,0,0,0,0,0,0,0,0,0,0,0,0,0,0,0,0,0,0,0,0,0,0,0,0,0,0,0,0,0,0,0,0,0}:
{0,97,0,0,0,0,0,0,0.0137019,0.166678,0.309182,0.223102,0.158796,0.129888,0.092355,0.0709289,0.0576927,0.0394657,0.0295182,0.0234083,0.0172971,0.01255,0.0106016,0.00874456,0.00598939,0.00498919,0.00338757,0.00380731,0.0023709,0.00192608,0.00184761,0.00124337,0.00120156,0.000826853,0.00054233,0.000515396,0.000645748,0.00038101,0.000183747,0.000125406,3.27355e-05,0.000333269,0.000750911,0,4.25283e-05,4.60987e-05,0,0,0,0,0,0,0,0,0.000239054,0,0.000259387,0,0,0,0,0,0,0,0,0,0,0,0,0,0,0,0,0,0,0,0,0,0,0,0,0,0,0,0,0,0,0,0,0,0,0,0,0,0,0,0,0,0,0}:
{0,97,0,0,0,0,0,0.00213005,0.000830777,0.0164899,0.14119,0.2492,0.207793,0.161936,0.135887,0.0961895,0.0763286,0.0589561,0.0447079,0.0352316,0.0259891,0.0190819,0.015489,0.0139886,0.00966451,0.00694155,0.00504147,0.00390111,0.0035787,0.00268253,0.00271125,0.00202353,0.00124414,0.000699645,0.00110417,0.000345715,0.000536585,0.00046389,0.000394925,0.00015424,0.000284755,0.000333269,0.000162518,3.94362e-05,0.000142442,9.21973e-05,0,0,0.00023714,0,0.000180899,0,0,0.000137309,0,0,0,0,0,0,0,0,9.17758e-05,0,0,0,0,0,0,0,0,0,0,0,0,0,0,0,0,0,0,0,0,0,0,0,0,0,0,0,0,0,0,0,0,0,0,0,0,0}:
{0,97,0,0,0,0,0,0,0,0.00386792,0.0157622,0.117156,0.215376,0.194344,0.155761,0.125888,0.0926766,0.0759603,0.0615878,0.0457447,0.0353338,0.0271433,0.0210285,0.0168656,0.013033,0.00983309,0.007213,0.00509028,0.00470808,0.00372229,0.00234778,0.00236329,0.00121968,0.00141165,0.000731571,0.000656628,0.000902424,0.000977271,0.000973598,0.000125406,0.000317491,0.000149453,7.47322e-05,0.000250394,0,9.21973e-05,0.000160782,0,0.000182617,0.00019618,6.02995e-05,6.33658e-05,0,0,0,0,7.74444e-05,0,0.000550319,0.000168408,0,0,0,0,0,0,0,0,0,0,0,0,0,0.000106724,0,0,0,0,0,0,0,0,0,0,0,0,0,0,0,0,0,0,0,0,0,0,0,0,0,0}:
{0,97,0,0,0,0,0,0,0,0.00132227,0.00507687,0.0204376,0.105453,0.199203,0.177572,0.150718,0.133638,0.0983177,0.0817218,0.0596172,0.048945,0.0372723,0.0296086,0.0242066,0.0172709,0.0146786,0.0101576,0.00800301,0.00652099,0.00465332,0.0039307,0.0034543,0.00264595,0.00123319,0.00118904,0.0017654,0.00130661,0.00109354,0.000330482,0.000637105,0.000569511,0.000298907,0.000125152,0.000739299,4.25283e-05,0.000447096,0.000160782,0.000101361,0.000182617,0.00039236,0,0,6.57895e-05,0,0,0.000245955,0,0,0,0,0,0,0,0,9.45069e-05,0,0.000198116,0,0.000337885,9.95528e-05,0,0,0,0,0,0,0,0,0,0,0,0,0,0,0,0,0,0,0,0,0,0,0,0,0,0,0,0,0,0}:
{0,97,0,0,0,0,0,0,0,0.00117027,0.00230939,0.00559386,0.0235141,0.0913373,0.169597,0.163122,0.13947,0.129121,0.0975681,0.0778507,0.0666624,0.0491196,0.039625,0.0277891,0.0242898,0.0189927,0.0156073,0.0120393,0.00730994,0.0070373,0.00526013,0.00467403,0.00311352,0.00258786,0.00194694,0.00160207,0.0011661,0.00116778,0.000909154,0.000569366,0.00075606,0.000413998,0.000375455,0.000396256,0.000512382,0.000354899,0.000208786,0,0.00047428,0.000254753,0.000605891,6.33658e-05,0,6.86544e-05,7.13736e-05,7.34338e-05,0,0.000270883,0,0,8.78114e-05,0.000179767,0,0,0,0,0,0,0,9.95528e-05,0,0.000103592,0,0,0,0,0,0,0,0,0,0,1.44542e-05,0,0,0,0,0,0,0,0,0,0,0,0,0,0,0,0,0}:
{0,97,0,0,0,0,0,0,0,0,0.000659825,0.00284637,0.00787098,0.023673,0.0930676,0.160606,0.152077,0.132506,0.114678,0.0950043,0.0778382,0.064767,0.0511175,0.0421029,0.0335814,0.0239338,0.02007,0.0148184,0.0119835,0.00924588,0.00683787,0.00554789,0.00529824,0.00350395,0.00226688,0.00296486,0.00178862,0.00160692,0.00168116,0.00152502,0.000942609,0.000609817,0.000162518,0.000567777,0.000427325,0.000200499,0.000482346,0.000321787,0.000365234,0.000313325,0.000382862,6.33658e-05,0,6.86544e-05,7.13736e-05,0,0,0.000161753,0,8.4204e-05,0,0,0,0,0,0,0,0,0,0,0,0.000346964,0,0,0,0,0,0,0,0,0,0,1.44542e-05,0,0,1.83361e-05,0,0,0,0,0,0,0,0,0,0,0,0,0,0}:
{0,97,0,0,0,0,0,0,0,0,0.000329912,0.00179134,0.00452013,0.0062096,0.0253533,0.0857244,0.142127,0.139188,0.124533,0.117349,0.0966022,0.0764366,0.0654293,0.0531009,0.0407425,0.0326385,0.0259812,0.0203933,0.0161226,0.0132903,0.00972102,0.00833324,0.00556554,0.00415052,0.00371639,0.00401674,0.00311146,0.00183082,0.00245184,0.00108106,0.000800231,0.000827995,0.000950795,0.000528341,0.000512382,0.000663699,0.000578354,0.000339492,0.000656897,0.000313325,0,6.33658e-05,0,0,0.000239054,0.000319388,7.74444e-05,0,8.21534e-05,8.4204e-05,0,0,0,9.14748e-05,0.000316536,0,0,0,0,0.000432989,0,0,0,0,0,0,0,0,0,0,0,0,0,0,0,0,0,0,0,0,0,0,1.35585e-05,0,0,0,0,0,0,0}:
{0,97,0,0,0,0,0,0,0,0,0,0.000490875,0.0018703,0.00295912,0.0107818,0.0270702,0.0801948,0.130561,0.138379,0.125304,0.107261,0.0980001,0.0788132,0.0649441,0.0540247,0.0414696,0.0348252,0.0246836,0.0230044,0.0179107,0.0134162,0.0108672,0.00847793,0.00646589,0.00440306,0.00491265,0.00320439,0.00298249,0.00269045,0.00181474,0.00130427,0.000747266,0.00111331,0.00130708,0.000412468,0.000447096,4.80041e-05,0.000610598,0.000109047,0.000254753,0,0.000551199,0.000286141,0.000137309,0,0.000245955,0.000259387,0,8.21534e-05,0,0,8.98834e-05,9.17758e-05,9.14748e-05,0.000505549,0,0.000430837,0.00010261,0,0,0.000104044,0,0.000102321,0,0,0,0,0,0,0,0,0,0,0,0,0,0,0,0,0,0,0,4.0481e-06,0,0,0,0,0,0,0}:
{0,97,0,0,0,0,0,0,0,0,0,0.000245437,0.000506133,0.0014468,0.00481649,0.0115486,0.0297608,0.0789999,0.124323,0.128403,0.12135,0.10732,0.092633,0.0776458,0.064481,0.0555952,0.0404905,0.0366407,0.0294175,0.0218127,0.0172438,0.0129372,0.010002,0.00824017,0.00891731,0.0066496,0.0047061,0.00465619,0.00327871,0.00254842,0.00168723,0.00102381,0.000500607,0.0012282,0.000982235,0.000739792,0.00143027,0.000661279,0.000455233,0.000254753,0.000645125,0.000275599,0.00041772,0,7.13736e-05,0.000491909,7.74444e-05,8.08766e-05,8.21534e-05,0.000366232,0,0.000691983,9.17758e-05,9.14748e-05,9.45069e-05,0,0,0,0.000337885,0,0,0.000103592,0,0,0,0,0,0,0,0,0,0,0,0,1.71335e-05,0,0,0,0,0,0,0,0,0,0,0,0,0,0,0}:
{0,97,0,0,0,0,0,0,0,0,0,0,0,0.000861761,0.00233903,0.00645405,0.0129424,0.0305766,0.0737067,0.11604,0.124015,0.11747,0.102749,0.093188,0.0790903,0.066438,0.0561164,0.0458511,0.0347797,0.0284274,0.0217331,0.0177934,0.0135405,0.0116359,0.00956495,0.00703012,0.00657253,0.00482822,0.0041687,0.00260609,0.00266258,0.00220909,0.00253861,0.00108234,0.00157967,0.000447096,0.0011087,0.000509237,0.000583327,0.000254753,0.000443162,0.000190097,0.000506492,0.000298601,7.13736e-05,0,0,0.000541767,0.000439467,8.4204e-05,0.00029411,0,0.000307388,0,9.45069e-05,0,0,0,0.000337885,0,0,0.000103592,0,0,0.00035064,0,0,0,0,0.000110346,0,0,1.44542e-05,1.57605e-05,1.71335e-05,0,0,0,0,0,0,0,4.0481e-06,0,0,0,0,0,0,0}:
{0,97,0,0,0,0,0,0,0,0,0,0,0,0.000325281,0.000733529,0.00314894,0.00712609,0.0140344,0.0349031,0.0700846,0.109059,0.116246,0.110747,0.102021,0.0916241,0.0774355,0.0687383,0.0524749,0.0448178,0.0391254,0.0308456,0.0251415,0.0189176,0.0136637,0.0132569,0.00909171,0.00744249,0.00617278,0.00582242,0.00478836,0.00416326,0.00204763,0.00303921,0.0019675,0.00182203,0.000647595,0.0014615,0.00145933,0.000692374,0.000705685,0.000382862,0.000424467,0.000792633,0.000137309,0.000381801,0.000220301,0.000414276,0,0.000164307,8.4204e-05,0.000263434,0.000390933,9.17758e-05,0,0,9.73949e-05,0,0,0,0,0,0,0.000102321,0,0,0,0,0,0,0,0,0.000111025,6.28661e-05,0.000105574,0,0,0,0,0,0,0,0,0,0,0,0,0,0,0,0}:
{0,97,0,0,0,0,0,0,0,0,0,0,0,0,0.000456651,0.00116702,0.00307553,0.00768978,0.0158995,0.035213,0.0726624,0.104153,0.113427,0.109136,0.100619,0.0877891,0.0776697,0.0657756,0.0566774,0.0446423,0.0372728,0.0282421,0.0229536,0.0195002,0.015639,0.011831,0.00927057,0.00644497,0.00705379,0.00550189,0.00387851,0.00395616,0.0030149,0.00241508,0.00125226,0.00182059,0.0014135,0.000643574,0.00165998,0.000509505,0.000382862,0.000614565,0.000858422,0.000205963,0.000453175,0.000146868,0.000336832,0.000161753,0.000357313,0,0.000381922,8.98834e-05,0.000307388,0.00061276,0.000189014,9.73949e-05,0,0.00010261,0,0,0,0,0,0.000357456,0.000104689,0,0,0,0.000215203,0,0,0,1.44542e-05,1.57605e-05,0,0,0,0,0,0,0,0,0,0,0,0,0,0,0,0}:
{0,97,0,0,0,0,0,0,0,0,0,0,0,0,0,0.000923818,0.00128874,0.00401247,0.0082857,0.0179975,0.0347669,0.0677383,0.098843,0.107099,0.105869,0.0979144,0.0887277,0.0767685,0.0673704,0.0534986,0.0480414,0.0396312,0.0320268,0.0287532,0.0205376,0.0164411,0.0122821,0.0108352,0.0107823,0.00725897,0.00556574,0.00637142,0.00390222,0.00327268,0.00331665,0.00282309,0.00154074,0.000831024,0.00145832,0.000568078,0.000786789,0.0010169,0.000572282,0.000298601,0.00090635,0.00053969,0.000259387,0.000622643,0.000632473,0,0.000381922,0.000480817,9.17758e-05,9.14748e-05,0,0,0,0,0.000337885,0,0,0,0,0,0.000104689,0,0.000105298,0,0.000467995,0,0,0,2.89083e-05,0,0,0,0,0,0,0,0,0,0,0,0,0,0,0,0,0}:
{0,97,0,0,0,0,0,0,0,0,0,0,0,0.00016264,0.000415318,0.000243202,0.000606377,0.00167175,0.00452515,0.00895608,0.0185698,0.0365475,0.0713268,0.0944247,0.105131,0.104486,0.0965152,0.0861125,0.0736513,0.067062,0.055058,0.0498601,0.0412106,0.0327442,0.0266348,0.0222423,0.0187071,0.0136025,0.0117998,0.00955519,0.00708929,0.00731616,0.00424031,0.00495036,0.00274688,0.00291528,0.00237589,0.00237401,0.00337449,0.00115662,0.000645125,0.000868028,0.000924212,0.000298601,0.000763603,0.000811298,7.74444e-05,0.00070352,0.000632473,0.000366232,0.000175623,8.98834e-05,0,0.00030638,0,9.73949e-05,0,0.000343677,0,0.000333436,0,0,0.000102321,0.000106724,0,0.000103772,0,0,0.000107601,0,0,0,1.44542e-05,1.57605e-05,0,0,0,0,0,8.50629e-05,2.66732e-05,0,0,0,0,0,0,0,0,0}:
{0,97,0,0,0,0,0,0,0,0,0,0,0,0,0.000138439,0.000157907,0.000140683,0.00126095,0.00334275,0.0060911,0.0100516,0.0208537,0.0359856,0.0648296,0.0903331,0.101532,0.100386,0.0926367,0.0864741,0.0781295,0.0656667,0.0554158,0.0492129,0.0405012,0.0336901,0.0265837,0.0234202,0.0167346,0.0131684,0.0133778,0.0103443,0.00833832,0.00566381,0.00587495,0.00446899,0.00268479,0.00191031,0.00300231,0.00204426,0.00141137,0.00155251,0.00122913,0.000944036,0.000734511,0.00090635,0.000392822,0.000232333,0.000513513,0.000439467,0.000648259,0.000882331,0.000390933,0.000275327,9.14748e-05,0,0,0,0.000687353,0.000100881,0,0,0.000346964,0.000102321,0.000357456,0.00035064,0,0,0.000348548,0,0,0,0,4.84119e-05,1.57605e-05,1.71335e-05,0,0,2.20468e-05,0,0,0,0,0,0,0,0,0,0,0,0}:
{0,97,0,0,0,0,0,0,0,0,0,0,0,0,0,0,0.000108337,0.000821609,0.00200791,0.00305316,0.00485857,0.0120986,0.0210488,0.038487,0.0630158,0.0887643,0.0973408,0.097331,0.0921885,0.0822591,0.0752441,0.0636651,0.0580007,0.0499128,0.042101,0.0359568,0.027995,0.0239526,0.017108,0.0152287,0.0113638,0.0110661,0.00727773,0.00793132,0.00556396,0.00421047,0.00330704,0.00364588,0.00209617,0.00207613,0.00141085,0.000868028,0.000924212,0.000343272,0.000595922,0.000958165,0.000619555,0.000432637,0.00118279,0.000282028,0.000469733,0.000390933,9.17758e-05,0.000397855,0.00104411,0.000520998,0,0,0,9.95528e-05,0,0,0.000342708,0,0.000209379,0.000103772,0.000210596,0,0,0,0,0,4.84119e-05,0,0,6.1414e-05,6.64416e-05,0,0,0,0,0,0,0,0,0,0,0,0,0}:
{0,97,0,0,0,0,0,0,0,0,0,0,0,0,0,0,0,9.55677e-05,0.000365771,0.00144826,0.00282239,0.00678935,0.0114139,0.0222224,0.0375941,0.0586244,0.0835844,0.0976854,0.0947347,0.0915302,0.0862343,0.0757056,0.06773,0.0578985,0.0523235,0.0439893,0.0357488,0.0292534,0.0212863,0.019207,0.0169311,0.0136772,0.0105542,0.00881648,0.008028,0.00465757,0.0035829,0.00388402,0.00253235,0.00248895,0.00266187,0.001378,0.00191421,0.0011944,0.00095279,0.00053969,0.00108794,0.00070352,0.00052162,0.000618843,0,0.00105152,0,9.14748e-05,9.45069e-05,9.73949e-05,0.000331779,0.00010261,0.000201762,0,0,0,0,0,0.000104689,0,0,0,0,0,0,0,4.84119e-05,1.57605e-05,0,0,1.98372e-05,0,0,0,2.66732e-05,0,0,0,0,0,0,0,0,0}:
{0,97,0,0,0,0,0,0,0,0,0,0,0,0,0,0,0,2.85333e-05,0.000340365,0.000986543,0.00149102,0.00439469,0.00752616,0.0134314,0.0220878,0.0402767,0.0604467,0.0792373,0.0933989,0.0914905,0.0871023,0.0849152,0.0763066,0.0677725,0.0560879,0.0491771,0.0442191,0.0328149,0.029817,0.0252032,0.0211026,0.0164601,0.0153847,0.0116929,0.00738395,0.00761674,0.00512365,0.00566513,0.00388686,0.00456508,0.00377411,0.00296823,0.00147035,0.00137638,0.00112047,0.00167038,0.0010105,0.000513513,0.000492921,0.000450435,0.000263434,0.000660584,0.000399164,9.14748e-05,0.000411042,0.00019479,0.000663559,0.000205221,0,0.000532542,0.00066061,0,0,0,0.000209379,0,0.000457977,0,0.000360394,0,0,0.000371862,9.68238e-05,6.85477e-05,5.73858e-05,0,1.98372e-05,0,0,0,0,2.81995e-05,0,0,0,0,0,0,0,0}:
{0,97,0,0,0,0,0,0,0,0,0,0,0,0,0,0,0,0,8.50914e-05,0.000234945,0.00105447,0.00162945,0.00373057,0.00614812,0.0146076,0.0249995,0.0398141,0.0635914,0.0809064,0.0882524,0.0882126,0.0897102,0.0800119,0.0730564,0.0642938,0.0605506,0.0454376,0.0414544,0.0342257,0.0331684,0.0213105,0.0219228,0.0197371,0.0149399,0.0130944,0.0100688,0.00808019,0.00627329,0.00729682,0.00468223,0.00496193,0.00154596,0.00239772,0.00220353,0.00214806,0.00100595,0.000724054,0.00143141,0.000603773,0.000787251,0.000175623,0.000691983,0.000307388,0.000365899,0.000378027,0.000520998,0.000198116,0.000343677,0.000403525,9.95528e-05,0.000348478,0.000346964,0,0.000106724,0.000701281,0.000103772,0,0,0.000107601,0.000110346,0.00037299,0,7.73202e-05,0,1.71335e-05,0,0,0,0,0,0,0,1.35585e-05,2.70698e-05,0,0,0,0,0,0}:
{0,97,0,0,0,0,0,0,0,0,0,0,0,0,0,0,0,0,0,0.000234945,0.000603788,0.000892465,0.00213215,0.00478095,0.00777084,0.0140896,0.0231495,0.039429,0.0580773,0.077104,0.0853562,0.0898529,0.0838186,0.0840449,0.0729078,0.0653441,0.0566045,0.0531938,0.0443182,0.0370344,0.0285126,0.0251677,0.0215734,0.0164717,0.0140172,0.0122787,0.0110992,0.0102941,0.00709516,0.00616982,0.00478104,0.00294609,0.00321334,0.00319197,0.00169489,0.0022835,0.00157966,0.00105528,0.000961087,0.00106928,0.000939466,0.00147385,0.000399164,0.00061276,0.000411042,0.000520998,0,0.000307831,0.000201762,0,0.000208088,0,0.00044503,0.000464181,0.000314068,0.000555111,0,0,0.000107601,0.000369586,0,0,1.44542e-05,0,7.45193e-05,0,0,0,0,0,0,0,0,0,0,0,0,0,0,0}:
{0,97,0,0,0,0,0,0,0,0,0,0,0,0,0,0,0,0,0,0,0.000218274,0.000405842,0.00126746,0.00269055,0.00483534,0.0105306,0.0135554,0.0259458,0.0402657,0.0573692,0.0782605,0.080864,0.0847664,0.0810527,0.0807736,0.0701346,0.0661144,0.0564285,0.0516929,0.0417248,0.0381122,0.0307592,0.0275416,0.0217514,0.0169086,0.0134495,0.0131223,0.00849283,0.00982918,0.00719164,0.00639385,0.00366525,0.00382843,0.00280073,0.00183763,0.00297358,0.00121577,0.00164967,0.0012897,0.000985075,0.00194028,0.0011414,0.000890104,0.00079571,0.000189014,0.000292185,0,0.000548897,0.000201762,9.95528e-05,0,0.000346964,0.000102321,0.000426898,0,0.000347567,0.000105298,0.000208129,0,0.000110346,0,0,2.89083e-05,0.000100069,0,1.83361e-05,0,4.40936e-05,0,0,0,0,0,0,0,0,0,0,0,0}:
{0,97,0,0,0,0,0,0,0,0,0,0,0,0,0,0,0,0,0,0,0,0.000135281,0.000773479,0.0013793,0.00229575,0.00588713,0.0103731,0.0163146,0.025667,0.0417126,0.0554198,0.0761049,0.0794391,0.0822802,0.0794207,0.0746035,0.0721039,0.0672787,0.0573729,0.0491971,0.0479623,0.0348168,0.033069,0.0269246,0.0197365,0.0191762,0.0162732,0.0129191,0.0101208,0.00973636,0.00790713,0.00508448,0.00483825,0.00468168,0.00338977,0.0029444,0.00222627,0.00183968,0.00197563,0.0022268,0.00102728,0.00105152,0.000367103,0.000887185,0.000505549,0.000715788,0.000495291,0.000446287,0.000100881,9.95528e-05,0.000416176,0.000450556,0.000102321,0,0.000209379,0.000347567,0,0,0.000107601,0.000590278,0.00037299,0.000111025,0.000125732,0,3.4267e-05,0,0,0,0,0,0,0,0,0,0,0,0,0,0,0}:
{0,97,0,0,0,0,0,0,0,0,0,0,0,0,0,0,0,0,0,0,7.27581e-05,0.000135281,0.0002795,0.00120501,0.0015508,0.0022869,0.0064111,0.0114883,0.0158791,0.0263495,0.0408133,0.0533425,0.0682292,0.0780404,0.0818096,0.0785412,0.0788121,0.0721132,0.0652179,0.0627233,0.0476006,0.0438233,0.0398983,0.0319381,0.0252451,0.0228774,0.0166694,0.0138008,0.0122577,0.01407,0.00848906,0.0077107,0.00582825,0.00433841,0.0044638,0.00392822,0.00331421,0.00186405,0.00255465,0.00160392,0.00111509,0.000930234,0.00110572,0.00177437,0.00123313,0.000423603,0.000960733,0.000789963,0.000776652,0.000497764,0.000312132,0,0.000306964,0.000320173,0.000104689,0.000103772,0.000315894,0,0,0.000110346,0.000484352,0.000482887,1.44542e-05,3.1521e-05,5.73858e-05,6.1414e-05,0,0,0.000154058,0,0,0,4.0481e-06,0,0,0,0,0,0,0}:
{0,97,0,0,0,0,0,0,0,0,0,0,0,0,0,0,0,0,0,0,0,6.76404e-05,6.50218e-05,0.000312201,0.000875708,0.00218886,0.00489974,0.00669184,0.0104216,0.0175262,0.0269304,0.039316,0.0571706,0.0669893,0.0769451,0.0776178,0.0784813,0.0765651,0.0733728,0.0653755,0.0586386,0.0524704,0.0448652,0.0377599,0.0345274,0.0268713,0.0233696,0.0195801,0.0146075,0.0133382,0.0113682,0.00953225,0.0098144,0.00858748,0.0055129,0.00518012,0.00429765,0.00424549,0.00219733,0.00233638,0.00134785,0.0011414,0.00168843,0.00165094,0.000600056,0.000618393,0.000861675,0.000651507,0.00141718,0.000731647,0.000452522,0.000103592,0,0.000357456,0.000104689,0.000207544,0,0.00139419,0.000107601,0,0,0.000482887,0.000188598,0.000105574,7.45193e-05,0,0,0,0,0,0,0,0,0,0,0,0,0,0,0}:
{0,97,0,0,0,0,0,0,0,0,0,0,0,0,0,0,0,0,0,0,7.27581e-05,0,6.50218e-05,8.10827e-05,0.000296019,0.000794707,0.00247278,0.0041741,0.00618726,0.011737,0.0194541,0.025575,0.0419782,0.0567726,0.0668261,0.0741269,0.0821014,0.0736038,0.0762018,0.0689112,0.0617496,0.0569234,0.0500545,0.0455253,0.0428976,0.0375065,0.0300195,0.0227192,0.0191131,0.0182194,0.0145785,0.0106759,0.0104462,0.00828888,0.00787508,0.00461478,0.00520365,0.00435074,0.00469852,0.00213856,0.0021995,0.0016807,0.00144076,0.00119356,0.000756055,0.00162637,0.000693407,0.00109779,0.00175507,0.000632094,0.000208088,0.0010047,0.000547351,0.000106724,0.000664709,0.000207544,0.000105298,0.000348548,0.000107601,0.000110346,0.000222724,0.000371862,0.000106229,6.30419e-05,1.71335e-05,1.83361e-05,1.98372e-05,0,2.29983e-05,0,0,0,0,0,0,0,0,0,0,0}:
{0,97,0,0,0,0,0,0,0,0,0,0,0,0,0,0,0,0,0,0,0,0,6.50218e-05,0,0.000195288,0.000553019,0.000874912,0.00193935,0.00371439,0.00812847,0.011988,0.0170246,0.0294479,0.0380415,0.0517833,0.0642785,0.0690632,0.0753196,0.0766337,0.0727512,0.0705033,0.0634132,0.0540018,0.0481633,0.047609,0.0422358,0.0368614,0.0308041,0.0240031,0.0226702,0.0173007,0.0162955,0.0110612,0.00950397,0.00679763,0.00584455,0.00577281,0.00451637,0.00499844,0.0030648,0.00293689,0.0022828,0.00214731,0.00134456,0.000978084,0.00143158,0.000960733,0.000995184,0.000640529,0.000865977,0.000696957,0.0011083,0.00123277,0.00103509,0.000560019,0.000451339,0.000563275,0.00080116,0.000215203,0.000110346,0,0.000371862,0.000140186,6.85477e-05,1.71335e-05,1.83361e-05,1.98372e-05,0,0,0.000170126,0,0,1.35585e-05,0,0,0,0,0,0,0}:
{0,97,0,0,0,0,0,0,0,0,0,0,0,0,0,0,0,0,0,0,0,0,0,0,0.000236815,0.00034574,0.000488788,0.000844779,0.00296931,0.00473259,0.00754515,0.0117578,0.0190934,0.0295345,0.0393992,0.0526309,0.0642664,0.07146,0.0722168,0.0742662,0.072719,0.0661737,0.0652974,0.0576007,0.051708,0.0481263,0.0396427,0.0320937,0.0279418,0.0247583,0.0197185,0.0168467,0.0131958,0.0144876,0.0110757,0.00824221,0.00750736,0.00486425,0.00480543,0.00576741,0.00214237,0.00351408,0.00116543,0.00177437,0.0011671,0.000876554,0.000728012,0.00133886,0.00074141,0.000199106,0.000801001,0.00065774,0.000751993,0.000320173,0.000314068,0.000451339,0.000773871,0.000556677,0.000360394,0.000479932,0.000111362,0.000111025,0.000101179,0.000121335,0.000108786,0.000141164,1.98372e-05,0.000191778,0,2.53969e-05,2.66732e-05,0,0,8.08214e-06,0,0,0,0,0,0}:
{0,97,0,0,0,0,0,0,0,0,0,0,0,0,0,0,0,0,0,0,0,0,0,6.24402e-05,5.92039e-05,0.00017287,0.000284274,0.000638985,0.00187446,0.00254169,0.0060722,0.00816336,0.0127133,0.018679,0.0288568,0.038245,0.0523073,0.0630086,0.0678783,0.0717754,0.0710239,0.0682628,0.0651498,0.0619558,0.0563195,0.0523207,0.0465448,0.0422357,0.034503,0.0310128,0.0249455,0.0222289,0.0181228,0.0156307,0.012639,0.00999308,0.00857197,0.00697481,0.00672761,0.00492537,0.00334527,0.00234128,0.00291358,0.00318284,0.00281127,0.0024102,0.00198592,0.00144147,0.00209295,0.000865977,0.000764654,0.000310776,0.000992381,0.000677629,0.000209379,0.000207544,0.000210596,0.000452613,0.000107601,0.000110346,0.00074598,0,0.000231961,0.000326978,0.000246677,6.1414e-05,0,0,7.70292e-05,0,2.66732e-05,0,1.76066e-05,0,0,0,0,0,0,0}:
{0,97,0,0,0,0,0,0,0,0,0,0,0,0,0,0,0,0,0,0,0,0,0,0,0,5.76234e-05,0.000164634,0.000311193,0.00106114,0.00158119,0.00323461,0.0060706,0.00833205,0.0149044,0.0197035,0.0330867,0.0374271,0.0503908,0.061802,0.0617158,0.0684871,0.0669193,0.0649949,0.0601622,0.0615796,0.055326,0.0472961,0.0431456,0.0378801,0.0321461,0.0300884,0.0238604,0.0193792,0.0202197,0.0165851,0.0136276,0.0100938,0.00900449,0.0108758,0.00514857,0.00416625,0.0046284,0.00481762,0.00336579,0.00176715,0.0025076,0.00202052,0.0012004,0.00215859,0.000597317,0.00100909,0.000621551,0.000890059,0.000464181,0.000523447,0.000415088,0.000563275,0.000104065,0.000107601,0.000220692,0.000484352,0.000482887,0.000299876,1.57605e-05,0,7.97501e-05,1.98372e-05,0.000117936,2.29983e-05,0,2.66732e-05,0,0,0,0,0,0,0,0,0}:
{0,97,0,0,0,0,0,0,0,0,0,0,0,0,0,0,0,0,0,0,0,0,0,0,0,0,0,0.000144397,0.000412145,0.000881237,0.00243455,0.003372,0.00574134,0.00840536,0.0151893,0.0219799,0.0294458,0.0405946,0.0485144,0.0578296,0.0683806,0.068907,0.0669843,0.0700586,0.0608018,0.0539686,0.0574711,0.0423371,0.043574,0.0402276,0.0358371,0.0336331,0.0271248,0.0236144,0.0191116,0.0193066,0.0146742,0.0112447,0.00730268,0.00567917,0.00651913,0.00670435,0.00435434,0.00483378,0.00233873,0.00208399,0.00145602,0.00288294,0.00195683,0.000930753,0.00170605,0.000828735,0.00150399,0.00160599,0.00101535,0.000451339,0.000563275,0.000104065,0.000215203,0.000331038,0.000111362,0.000222051,0.000169095,0.000110323,5.73858e-05,1.83361e-05,1.98372e-05,0,2.29983e-05,0,0.000116011,0,0,0,0,0,0,0,0,0}:
{0,97,0,0,0,0,0,0,0,0,0,0,0,0,0,0,0,0,0,0,0,0,0,0,0,0,5.68548e-05,0.000127797,0.000169408,0.000395499,0.00127786,0.00232826,0.00365904,0.00542923,0.0100283,0.0130663,0.0206827,0.0291866,0.0389469,0.0495056,0.0590298,0.068103,0.0612552,0.0678231,0.0646114,0.063021,0.0619539,0.0575416,0.0488023,0.0391946,0.0406784,0.0363357,0.0273586,0.026923,0.0221161,0.0199162,0.0159478,0.0143579,0.0146419,0.0106126,0.00739302,0.00952645,0.00496911,0.00476987,0.00252775,0.00266836,0.00344194,0.00415011,0.00256212,0.00232927,0.000764654,0.00131548,0.00129934,0.00124853,0.000104689,0.000451339,0.000421192,0.000208129,0.000107601,0.000110346,0.00037299,0.000111025,0.000265918,0.00014735,7.45193e-05,7.97501e-05,0.000172558,0.00016203,0,0,0,0.000122649,0,0,0,0,0,0,0,0}:
{0,97,0,0,0,0,0,0,0,0,0,0,0,0,0,0,0,0,0,0,0,0,0,0,0,5.76234e-05,0,0,0.000186268,0.0002825,0.000166723,0.0013607,0.00236686,0.00410773,0.00595106,0.0101931,0.0125539,0.0225574,0.0269071,0.0358582,0.0487116,0.0584763,0.060706,0.0619971,0.0673347,0.0645372,0.0604878,0.0591554,0.0585113,0.0517007,0.0468645,0.038629,0.0316372,0.0289205,0.029759,0.0254857,0.0209658,0.0167316,0.012987,0.00973309,0.00944758,0.00760318,0.00659342,0.00498038,0.00486194,0.00377373,0.00443728,0.00257018,0.00269824,0.00196106,0.00236666,0.000517959,0.000854315,0.00110453,0.000560019,0.000902678,0.000915954,0.000208129,0.000322804,0.000369586,0.00074598,0.000815963,0.000449467,0.000100069,5.73858e-05,1.83361e-05,1.98372e-05,0,0,0.00011046,0,0,0,0,0,0,0,0,0,0}:
{0,97,0,0,0,0,0,0,0,0,0,0,0,0,0,0,0,0,0,0,0,0,0,0,0,0,0,0,5.64693e-05,0.000186369,1.71902e-05,0.0011847,0.00195455,0.00242268,0.00455327,0.00684773,0.0104703,0.0153591,0.020506,0.0294798,0.035579,0.0449502,0.0584474,0.0629022,0.064101,0.0686833,0.0611766,0.0608987,0.0562082,0.0567986,0.0502194,0.0471283,0.0406558,0.03735,0.0297023,0.023173,0.0215583,0.0170346,0.0184576,0.0137322,0.0133895,0.00816957,0.00972261,0.00629738,0.0055565,0.00546814,0.00387278,0.00281125,0.00256212,0.0030957,0.00229396,0.000621551,0.00140167,0.00110453,0.00132942,0.000762655,0.00158453,0.002159,0.00104359,0.00132945,0.000222724,0.000593913,0.000391651,0.000168616,0,7.97501e-05,6.64416e-05,2.20468e-05,0.000231088,0,2.66732e-05,5.63989e-05,1.35585e-05,0,0,0,0,0,0,0}:
{0,97,0,0,0,0,0,0,0,0,0,0,0,0,0,0,0,0,0,0,0,0,0,0,0,0,0,0,5.64693e-05,0,0.000149532,0.000563019,0.000922459,0.00232109,0.00277019,0.00485677,0.00714858,0.0103305,0.0157382,0.0226749,0.0307366,0.0418837,0.0442341,0.0560908,0.0628062,0.0631132,0.0668619,0.0621755,0.0631095,0.0643854,0.0517393,0.0509424,0.0472997,0.0394816,0.0377734,0.0316461,0.0262235,0.0270622,0.0176529,0.0173063,0.0150272,0.0139437,0.0104889,0.00908236,0.00887786,0.00514194,0.00423916,0.00380643,0.00380793,0.00496198,0.00218992,0.00238759,0.000854315,0.00149927,0.00132942,0.000866427,0.00324262,0.000728453,0.000322804,0.000369586,0.000818439,0.0010768,0.000555696,0.00013159,7.45193e-05,5.50084e-05,1.98372e-05,0,0,0,0,5.63989e-05,0,0,0,0,0,0,0,0}:
{0,97,0,0,0,0,0,0,0,0,0,0,0,0,0,0,0,0,0,0,0,0,0,0,0,0,0,5.55986e-05,0,0.000129869,0.000230304,0.000117331,0.000661489,0.000864833,0.00109054,0.00339491,0.00510217,0.00600583,0.0116065,0.0187182,0.0232103,0.0335748,0.0450538,0.0486089,0.0527672,0.0555009,0.0644068,0.0659984,0.0674871,0.0540203,0.0572679,0.0525678,0.046458,0.0423957,0.0387692,0.0371863,0.0305753,0.027681,0.0243063,0.0216503,0.0153785,0.011832,0.0112828,0.00892697,0.0130543,0.00963613,0.00443252,0.00425272,0.00431234,0.00409122,0.00316266,0.00342848,0.00225598,0.00185672,0.00308262,0.00142154,0.000210596,0.00222671,0.000575596,0.000849518,0.000818439,0.000333076,0.000555696,0.000115829,0.000108786,0.000153095,0.000172558,2.20468e-05,0.000177057,0,0.000142684,0,8.0962e-06,0,0,0,0,0,0,0}:
{0,97,0,0,0,0,0,0,0,0,0,0,0,0,0,0,0,0,0,0,0,0,0,0,0,0,0,0,0,0.0001695,0,0.000117331,0.000242844,0.000419604,0.000908116,0.00146084,0.00309523,0.00524381,0.00811795,0.0114665,0.0178181,0.0219332,0.0321312,0.036029,0.0497861,0.0516453,0.0635068,0.0627152,0.0644476,0.0601485,0.0546424,0.0585264,0.0569366,0.0501767,0.0447989,0.0410225,0.0357444,0.0344209,0.0294403,0.0233679,0.0207561,0.0180556,0.0155265,0.0123247,0.0100404,0.00989897,0.00460079,0.00771548,0.0071163,0.00389212,0.00309496,0.00283814,0.00324836,0.0027478,0.00164349,0.00211667,0.00242691,0.000868871,0.0012212,0.00114201,0.00108007,0.000593913,0.000337495,0.000321472,0.000298077,9.80863e-05,0,0,6.8995e-05,0,0,2.81995e-05,8.0962e-06,0,0,0,0,0,0,0}:
{0,97,0,0,0,0,0,0,0,0,0,0,0,0,0,0,0,0,0,0,0,0,0,0,0,0,0,0,0,0,0,0.000117331,0,0.000190812,0.000666218,0.00114358,0.00199883,0.00393502,0.00470077,0.00824346,0.012547,0.0160565,0.0245231,0.0325472,0.037472,0.0457642,0.0501711,0.0558008,0.057541,0.059531,0.0604332,0.0594387,0.0617257,0.0500906,0.0517109,0.0504246,0.0420901,0.0369641,0.0314159,0.0275233,0.0209539,0.0189587,0.0169032,0.0164587,0.0122892,0.0128595,0.00804273,0.00950062,0.00600176,0.00629095,0.00577875,0.0032887,0.00502848,0.00245979,0.00112004,0.00111022,0.00133715,0.00132148,0.00075321,0.000590278,0.00130279,0.00103801,0.00049283,0.000163111,0.00012592,6.1414e-05,0,2.20468e-05,4.59967e-05,2.53969e-05,0,0,4.0481e-06,8.08214e-06,0,0,0,0,0,0}:
{0,97,0,0,0,0,0,0,0,0,0,0,0,0,0,0,0,0,0,0,0,0,0,0,0,0,0,0,0,0,0,0,6.0711e-05,6.36041e-05,0.000235081,0.000607096,0.00157141,0.00231945,0.00326912,0.006139,0.00892048,0.0119749,0.0188219,0.0233051,0.030186,0.0421297,0.0431037,0.0487399,0.0577401,0.0554197,0.0589199,0.0573546,0.0594231,0.0558948,0.0491527,0.0472086,0.0435261,0.0386099,0.0360076,0.0374703,0.0253836,0.0268359,0.0227624,0.0211327,0.0179117,0.0137654,0.0107614,0.0112499,0.00903789,0.00755513,0.00584145,0.00470777,0.00406693,0.00303069,0.00332354,0.0032269,0.00140566,0.00243484,0.00230239,0.00180938,0.000668173,0.000555127,0.00057015,0.000374259,0.000274958,3.66723e-05,0,0,0,5.07938e-05,2.66732e-05,0,1.35585e-05,8.08214e-06,0,0,0,0,0,0}:
{0,97,0,0,0,0,0,0,0,0,0,0,0,0,0,0,0,0,0,0,0,0,0,0,0,0,0,0,0,0,0,0,0,6.36041e-05,0.000392114,0.000303548,0.00082461,0.00178133,0.00247927,0.00381256,0.00622359,0.0100647,0.0138194,0.0169725,0.0242136,0.0315383,0.0377088,0.0423701,0.0531799,0.0586934,0.0594292,0.0558498,0.0589562,0.0577278,0.0567921,0.0558798,0.0547349,0.0429363,0.0364886,0.0350123,0.0309019,0.0249668,0.0236801,0.0220474,0.0188568,0.0167987,0.0150006,0.012794,0.0114991,0.00832156,0.00813541,0.0054691,0.00605169,0.0054956,0.00350138,0.00326315,0.00250048,0.00226306,0.000860811,0.00188118,0.00130279,0.000777178,0.000831019,0.000263179,0.000102801,9.80863e-05,0.00015272,2.20468e-05,7.70292e-05,8.50629e-05,2.66732e-05,2.81995e-05,8.0962e-06,5.41397e-05,0,5.45915e-05,0,0,0,0}:
{0,97,0,0,0,0,0,0,0,0,0,0,0,0,0,0,0,0,0,0,0,0,0,0,0,0,0,0,0,0,0,0,6.0711e-05,8.25941e-05,0.000130705,7.06161e-05,0.000458771,0.000927781,0.00163456,0.00199643,0.00437268,0.00638342,0.00816506,0.0153894,0.0182736,0.0233823,0.0279438,0.0434063,0.0432305,0.0531671,0.0543285,0.0519151,0.057279,0.0600131,0.056357,0.0528258,0.0560318,0.0434459,0.0445347,0.0372604,0.0369862,0.0309348,0.0283827,0.0237942,0.0188238,0.020509,0.0144659,0.0146459,0.00963833,0.00881454,0.0115475,0.00733873,0.00519246,0.00524487,0.00531767,0.00405707,0.00232161,0.00159732,0.00132881,0.00214042,0.00163688,0.00174295,0.000753699,0.000368753,0.000200439,0.000134759,0.000132883,2.20468e-05,0,0.00011046,2.66732e-05,2.81995e-05,1.35585e-05,0,0,0,0,0,0,0}:
{0,97,0,0,0,0,0,0,0,0,0,0,0,0,0,0,0,0,0,0,0,0,0,0,0,0,0,0,0,0,0,0,0,6.36041e-05,6.53523e-05,0.000232932,0.000466887,0.00029813,0.000927002,0.00191132,0.00306841,0.00374999,0.00687797,0.00853853,0.0142299,0.0167036,0.0241903,0.0303987,0.0342684,0.043742,0.0483778,0.0517128,0.0569239,0.0562761,0.0542803,0.0604212,0.0561251,0.0453587,0.0486868,0.0449888,0.0388567,0.039036,0.0337101,0.0305809,0.0324542,0.0249058,0.0161201,0.0140612,0.0146361,0.0127114,0.014403,0.010741,0.00909541,0.00545832,0.00528613,0.00426461,0.00761179,0.00334006,0.00323838,0.00350312,0.00197096,0.0027863,0.00126603,0.000627184,0.000298077,0.000196173,3.96745e-05,2.20468e-05,0.000123026,2.53969e-05,0.000232022,0,0,0,0,0,0,0,0,0}:
{0,97,0,0,0,0,0,0,0,0,0,0,0,0,0,0,0,0,0,0,0,0,0,0,0,0,0,0,0,0,0,0,0,0,0,2.10836e-05,7.78144e-05,0.000273385,0.000275621,0.00130304,0.00105225,0.00258872,0.00428894,0.00821116,0.0098608,0.0146247,0.0185149,0.0254986,0.0297325,0.0331066,0.0407119,0.0490102,0.0539039,0.0527954,0.0512758,0.0538609,0.0551687,0.0549293,0.0482929,0.046749,0.0486195,0.0393999,0.0321732,0.0308466,0.0293413,0.0255242,0.0218845,0.0205762,0.0142678,0.0172104,0.0112667,0.0114611,0.0103023,0.0076725,0.00886065,0.00436839,0.00365876,0.004313,0.00287798,0.00457333,0.00148661,0.00137109,0.00139543,0.000516104,0.000464249,0.000122828,0.000232069,2.20468e-05,0,0,0,0,0,0,0,0,0,0,0,0}:
{0,97,0,0,0,0,0,0,0,0,0,0,0,0,0,0,0,0,0,0,0,0,0,0,0,0,0,0,0,0,0,0,0,0,0,0,7.78144e-05,0,0.000697977,0.000579438,0.00149082,0.00150654,0.00248819,0.00477884,0.00665892,0.0133434,0.0150326,0.0215157,0.0254233,0.0288083,0.0389392,0.0422721,0.0446983,0.0504099,0.0524711,0.0501786,0.0549056,0.0558062,0.049541,0.0502763,0.0507534,0.0433375,0.0355224,0.0399101,0.0307395,0.0277737,0.0291789,0.0197504,0.0207035,0.0140008,0.0171495,0.0129476,0.0101593,0.00934793,0.00625988,0.00613749,0.00803299,0.00448477,0.00366878,0.00568209,0.00286721,0.00118783,0.00164828,0.000474328,8.56674e-05,0.00023925,0.000145791,0.000117936,0.000123026,0,0,0,3.92612e-05,0,0,0,0,0,0,0}:
{0,97,0,0,0,0,0,0,0,0,0,0,0,0,0,0,0,0,0,0,0,0,0,0,0,0,0,0,0,0,0,0,0,0,0,2.10836e-05,0,8.288e-05,0.000146734,0.000318553,0.000942609,0.00121963,0.00218747,0.00361762,0.00473698,0.00650816,0.00907381,0.0147863,0.0171043,0.0266058,0.029537,0.0399437,0.0399718,0.0475405,0.0485602,0.0522126,0.0528921,0.0555841,0.0615501,0.046543,0.0544235,0.0413687,0.0422673,0.0355525,0.0350298,0.0300138,0.0309273,0.0239055,0.0200934,0.0202318,0.0196879,0.0157907,0.0123129,0.0112419,0.0106038,0.00464345,0.00612245,0.00476561,0.0040616,0.0040934,0.00487708,0.00326385,0.00193806,0.000616172,0.000274958,3.66723e-05,0.000125953,2.20468e-05,0.000123026,0,2.66732e-05,0,1.61924e-05,0,0,0,0,0,0,0}:
{0,97,0,0,0,0,0,0,0,0,0,0,0,0,0,0,0,0,0,0,0,0,0,0,0,0,0,0,0,0,0,0,0,0,0,0,0,8.288e-05,0.000275621,2.88335e-05,0.000536775,0.000690546,0.00133751,0.00347176,0.003559,0.00383947,0.00635959,0.0130076,0.0152098,0.0195313,0.0253495,0.0333544,0.040988,0.0422203,0.0487777,0.0499769,0.0511883,0.0583943,0.053225,0.051931,0.0498097,0.0442265,0.0490808,0.0458372,0.0421166,0.0306908,0.0310467,0.0308668,0.0272705,0.0242535,0.0216597,0.0204723,0.0163441,0.0114451,0.0104625,0.0104384,0.00795436,0.0121792,0.00423921,0.0053843,0.00331266,0.00567829,0.00192152,0.000579145,0.000343492,0.000355673,5.95117e-05,2.20468e-05,0.000123026,0,0.000142684,0,4.47235e-05,0,0,0,0,0,0,0}:
{0,97,0,0,0,0,0,0,0,0,0,0,0,0,0,0,0,0,0,0,0,0,0,0,0,0,0,0,0,0,0,0,0,0,0,0,0,0,0,0,0.000471304,0.000345273,0.00081259,0.00117499,0.00193476,0.00327018,0.00703626,0.00778087,0.0135525,0.0173994,0.0204115,0.0252162,0.0337123,0.0394609,0.0401356,0.0390991,0.051471,0.0498429,0.0583421,0.051443,0.0574259,0.047498,0.0475162,0.0478309,0.0440113,0.0421235,0.0387719,0.0290051,0.0306894,0.0308179,0.022986,0.0186239,0.0142928,0.0134459,0.012352,0.00932814,0.0088018,0.00806932,0.00776797,0.00723223,0.00550635,0.00426841,0.00244969,0.000843081,0.000383745,0.000300664,5.95117e-05,4.40936e-05,0,0.00011046,0.000116011,0,3.52131e-05,0,0,0,0,0,0,0}:
{0,97,0,0,0,0,0,0,0,0,0,0,0,0,0,0,0,0,0,0,0,0,0,0,0,0,0,0,0,0,0,0,0,0,0,0,0,0,0,2.88335e-05,0.000109642,0.000264544,0.000575339,0.001108,0.00108215,0.00285529,0.00264945,0.00729177,0.00656374,0.0112239,0.0194227,0.0240283,0.0218823,0.0302556,0.0413876,0.0389337,0.0444405,0.0471214,0.0528637,0.0500237,0.0499198,0.0492372,0.0527883,0.0511559,0.042892,0.0424697,0.0381728,0.0368639,0.031482,0.0282499,0.0232617,0.0238808,0.0219249,0.0190906,0.014833,0.0123837,0.00816496,0.00712774,0.00910194,0.00885417,0.00789455,0.00381898,0.00246276,0.000563385,0.000309225,0.000128353,5.95117e-05,6.61404e-05,0.000123026,5.07938e-05,5.33465e-05,2.81995e-05,1.21443e-05,0,0,0,0,0,0,0}:
{0,97,0,0,0,0,0,0,0,0,0,0,0,0,0,0,0,0,0,0,0,0,0,0,0,0,0,0,0,0,0,0,0,0,0,0,0,0,0,0,0,0,0.000500607,0.000210958,0.00108215,0.0015279,0.00314856,0.00442623,0.00576232,0.00679647,0.0130863,0.0154244,0.0186983,0.0234357,0.0287065,0.035615,0.0412186,0.0443073,0.0468468,0.0551763,0.0513988,0.0553167,0.0495761,0.0485032,0.0483346,0.0405511,0.0457942,0.0383672,0.0301753,0.0298775,0.031782,0.023927,0.0267487,0.0190482,0.0179156,0.0146717,0.0128818,0.0102597,0.00891916,0.00693444,0.00670312,0.00578931,0.00418975,0.000937644,0.000349478,0.000214509,3.96745e-05,4.40936e-05,4.59967e-05,5.07938e-05,8.93377e-05,0,1.76066e-05,0,0,0,0,0,0,0}:
{0,97,0,0,0,0,0,0,0,0,0,0,0,0,0,0,0,0,0,0,0,0,0,0,0,0,0,0,0,0,0,0,0,0,0,0,0,0,0,0,0,0.000115091,0.000199884,0.000303607,0.000412468,0.00115689,0.00203986,0.0027135,0.00397686,0.00560456,0.00921265,0.0128364,0.0183035,0.0204257,0.0249315,0.0343259,0.0348422,0.0457337,0.043528,0.0508911,0.0519563,0.0476193,0.0514846,0.0521753,0.0448948,0.0486336,0.0483148,0.0434148,0.0421132,0.037074,0.0285053,0.0273505,0.0247689,0.0224363,0.0230655,0.0140128,0.0177038,0.0154829,0.00931198,0.0123573,0.00848492,0.00671097,0.00368108,0.00112677,0.000498516,0.000319,3.96745e-05,4.40936e-05,0.000146024,0,0,9.44496e-05,3.52131e-05,1.61643e-05,0,0,0,0,0,0}:
{0,97,0,0,0,0,0,0,0,0,0,0,0,0,0,0,0,0,0,0,0,0,0,0,0,0,0,0,0,0,0,0,0,0,0,0,0,0,0,2.88335e-05,0,0,0.000162518,0.000303607,0.00092485,0.000493195,0.000770371,0.00191545,0.00162189,0.0048403,0.00752137,0.010343,0.0109955,0.0167325,0.0220017,0.025875,0.0284731,0.0358124,0.0321435,0.0439327,0.040815,0.0515914,0.0540499,0.0513433,0.0544012,0.0540431,0.0503998,0.0472621,0.0466723,0.0382495,0.0408588,0.0320632,0.0283193,0.0243947,0.0247355,0.0205029,0.0215415,0.0168671,0.0144548,0.0161967,0.0106061,0.010241,0.00474475,0.00139071,0.00042916,0.000220914,3.96745e-05,0.000117936,7.70292e-05,5.07938e-05,2.66732e-05,2.81995e-05,1.35585e-05,0,0,0,0,0,0,0}:
{0,97,0,0,0,0,0,0,0,0,0,0,0,0,0,0,0,0,0,0,0,0,0,0,0,0,0,0,0,0,0,0,0,0,0,0,0,0,0,0,0,0,0.000125152,0,0,0.000338795,0.0010584,0.000491533,0.00213164,0.00280228,0.00407272,0.00610442,0.00913036,0.0115909,0.0174983,0.0205922,0.0239394,0.0302807,0.0345417,0.0395968,0.0419692,0.0552354,0.0552285,0.0521853,0.04713,0.0504841,0.048291,0.0471285,0.046874,0.0442766,0.0385335,0.0354506,0.0322839,0.0297192,0.0271849,0.0242749,0.0230842,0.0182249,0.0162567,0.0141122,0.0153047,0.00930867,0.00629551,0.00230309,0.000595332,0.000134759,0.000251907,0.000117936,0.00026905,8.50629e-05,0,0.000122649,8.0962e-06,0,0,0,0,0,0,0}:
{0,97,0,0,0,0,0,0,0,0,0,0,0,0,0,0,0,0,0,0,0,0,0,0,0,0,0,0,0,0,0,0,0,0,0,0,0,0,0,0,3.27355e-05,0.000115091,0,0.000171521,0,0.000555398,0.00080391,0.00101604,0.000874991,0.00219328,0.00393395,0.00525548,0.00774563,0.0104924,0.0138377,0.0176036,0.0196492,0.0263304,0.029276,0.0331851,0.0410382,0.0426271,0.048498,0.0442458,0.0534846,0.0498317,0.0520193,0.0512168,0.0502881,0.0409914,0.0423517,0.0378743,0.033619,0.0297784,0.0317382,0.0253901,0.0251317,0.0222521,0.0172576,0.0192585,0.0175991,0.0137657,0.00621611,0.00280343,0.000452279,0.000337337,0.000106116,9.58891e-05,0.00040011,8.50629e-05,5.33465e-05,0,2.57028e-05,0,0,0,0,0,0,0}:
{0,97,0,0,0,0,0,0,0,0,0,0,0,0,0,0,0,0,0,0,0,0,0,0,0,0,0,0,0,0,0,0,0,0,0,0,0,0,0,0,0,0,0.000125152,0,0.000142442,0.000200499,0.000304794,0.000610598,0.00167903,0.00158709,0.00100692,0.00345302,0.00338457,0.00849484,0.00787166,0.0120492,0.0225025,0.0226306,0.0265244,0.0344857,0.0388958,0.0414001,0.0451256,0.0374503,0.0431095,0.0464135,0.0500442,0.0438513,0.0499758,0.0491929,0.0493163,0.0478277,0.0399727,0.0347134,0.0286456,0.032539,0.0251634,0.0221267,0.0200228,0.0191043,0.0201711,0.0121003,0.00734334,0.0023181,0.000882261,0.000484026,0.000145791,8.81873e-05,4.59967e-05,7.61908e-05,0,2.81995e-05,4.0481e-06,8.08214e-06,0,5.45915e-05,0,0,0,0}:
{0,97,0,0,0,0,0,0,0,0,0,0,0,0,0,0,0,0,0,0,0,0,0,0,0,0,0,0,0,0,0,0,0,0,0,0,0,0,0,0,0,0,3.73661e-05,0.000132085,0,0.0001544,0.000208786,0.000271107,0.00136832,0.00062665,0.000967688,0.00290486,0.00583141,0.00527888,0.0092879,0.0100409,0.012475,0.0208474,0.0231235,0.0272493,0.0318498,0.0382141,0.0384083,0.0434457,0.0457033,0.0456297,0.0458587,0.0455177,0.046552,0.0481387,0.0451709,0.0425871,0.0398396,0.0431753,0.0333136,0.0346195,0.025374,0.0262992,0.0228359,0.0215372,0.0196197,0.0163687,0.00872936,0.00300832,0.00114607,0.000330931,7.93489e-05,8.81873e-05,0.000177057,5.07938e-05,0.000106693,2.81995e-05,0,0,0,0,0,0,0,0}:
{0,97,0,0,0,0,0,0,0,0,0,0,0,0,0,0,0,0,0,0,0,0,0,0,0,0,0,0,0,0,0,0,0,0,0,0,0,0,0,0,0,0,0,0,0,0,0,0.000339492,0.000109047,0.000998548,0.00062406,0.00186583,0.00259509,0.00381316,0.00725423,0.00613829,0.00854119,0.0124091,0.0182111,0.0221475,0.0287109,0.0352751,0.0325171,0.0445246,0.0429671,0.0484188,0.0439969,0.0505097,0.0453864,0.0558269,0.0477457,0.047507,0.0476146,0.0432396,0.0380447,0.036036,0.0348761,0.0323863,0.0273707,0.024147,0.0202825,0.0192554,0.011119,0.00325099,0.000922513,0.000613259,0.000212232,0.000257919,0.000177057,5.07938e-05,2.66732e-05,5.63989e-05,1.76066e-05,0,1.43953e-05,0,0,0,0,0}:
{0,97,0,0,0,0,0,0,0,0,0,0,0,0,0,0,0,0,0,0,0,0,0,0,0,0,0,0,0,0,0,0,0,0,0,0,0,0,0,0,0,0,0,0,0.000142442,0,4.80041e-05,0.000169746,0.000365234,0.000313325,0.00066619,0.00129249,0.00187141,0.00275277,0.00360047,0.00549951,0.00660137,0.0124617,0.0145559,0.0164429,0.0226223,0.0288176,0.0292917,0.0325934,0.0392063,0.0426445,0.0474436,0.0439378,0.0490533,0.0495816,0.0411659,0.0499719,0.0428216,0.0460942,0.0431014,0.0403731,0.0312123,0.0292858,0.0286619,0.0304685,0.0247477,0.0229633,0.0121041,0.00421541,0.0014553,0.000686604,0.000258836,0.000213825,7.70292e-05,5.07938e-05,0.000178675,0.000122649,6.90121e-05,0,0,0,0,0,0,0}:
{0,97,0,0,0,0,0,0,0,0,0,0,0,0,0,0,0,0,0,0,0,0,0,0,0,0,0,0,0,0,0,0,0,0,0,0,0,0,0,0,0,0,0,0,0,0,0,5.06804e-05,0.00023714,0.000509505,0.000524526,0.000655794,0.000394737,0.0019529,0.00453518,0.00432104,0.0049676,0.00721744,0.0111262,0.0139889,0.0179641,0.0201586,0.0228542,0.0321128,0.0347418,0.0337194,0.0399952,0.0454101,0.0513322,0.0447935,0.041275,0.0507283,0.0485663,0.0445949,0.0452153,0.0454679,0.0364607,0.0354769,0.0322931,0.03566,0.0302258,0.0237124,0.0142748,0.00522786,0.00154613,0.000821362,0.000244977,7.38423e-05,0.000177057,5.07938e-05,0.000142684,2.81995e-05,4.87716e-05,2.70698e-05,0,0,0,0,0,0}:
{0,97,0,0,0,0,0,0,0,0,0,0,0,0,0,0,0,0,0,0,0,0,0,0,0,0,0,0,0,0,0,0,0,0,0,0,0,0,0,0,0,0,0,0,0,0,0,0,0.000547851,0.000313325,0.000826024,0.000975666,0.00231211,0.00424907,0.00644076,0.0117404,0.012711,0.0176173,0.0253337,0.0462011,0.0527773,0.0705957,0.0976982,0.111385,0.140601,0.173953,0.201006,0.227805,0.237908,0.276079,0.300013,0.307224,0.336435,0.356861,0.344483,0.364515,0.371926,0.338723,0.329837,0.305597,0.292878,0.288184,0.198595,0.0802059,0.0254832,0.0093467,0.0036536,0.00218899,0.00144528,0.000601873,0.000964079,0.000537144,0.000228691,9.45503e-05,6.26101e-05,0,0,0,0,0}:
{0,97,0,0,0,0,0,0,0,0,0,0,0,0,0,0,0,0,0,0,0,0,0,0,0,0,0,0,0,0,0,0,0,0,0,0,0,0,0,0,0,0,0,0,0,0,0,0,0,0,0,0,0,0,0.000239054,0.000146868,0.000518775,0.000323507,0.0013471,0.00210914,0.00343308,0.00612933,0.00787828,0.0140627,0.0186393,0.0243415,0.0328047,0.0507248,0.0664022,0.0721283,0.096365,0.127181,0.141699,0.160256,0.19939,0.212294,0.23363,0.271557,0.306811,0.301123,0.312348,0.320589,0.317131,0.196448,0.0835257,0.0326097,0.0110719,0.00487282,0.00304572,0.00157061,0.00102546,0.00119829,0.000429045,5.13162e-05,6.26101e-05,0,0,0,0,0}:
{0,97,0,0,0,0,0,0,0,0,0,0,0,0,0,0,0,0,0,0,0,0,0,0,0,0,0,0,0,0,0,0,0,0,0,0,0,0,0,0,0,0,0,0,0,0,0,0,0,0,0,0,0,0,0,0,0,0,8.21534e-05,0,8.78114e-05,0,0.000582716,0.000704235,0.00142214,0.00218139,0.00264948,0.00263695,0.00478635,0.00778424,0.0136384,0.0176916,0.0249994,0.0353807,0.0470416,0.0613998,0.0701151,0.0977834,0.117713,0.138944,0.175576,0.212795,0.364245,0.56281,0.49046,0.287671,0.129962,0.0497658,0.0186218,0.0105053,0.00613542,0.00381912,0.00135351,0.000343049,2.87906e-05,0.000227901,0,0,0,0}:
{0,97,0,0,0,0,0,0,0,0,0,0,0,0,0,0,0,0,0,0,0,0,0,0,0,0,0,0,0,0,0,0,0,0,0,0,0,0,0,0,0,0,0,0,0,0,0,0,0,0,0,0,0,0,0,0,0,0,0,0,0,0,0,0,0,0,0,0.00010261,0,0,0,0,0,0,0,0.000103772,0.000210596,0.000660742,0.00176438,0.00188118,0.00566196,0.00508438,0.0210696,0.123782,0.357598,0.515574,0.469932,0.298595,0.146861,0.0577278,0.0232495,0.0105509,0.00269976,0.000605277,5.75813e-05,0.000136479,0,0.000534836,0,0}:
{0,97,0,0,0,0,0,0,0,0,0,0,0,0,0,0,0,0,0,0,0,0,0,0,0,0,0,0,0,0,0,0,0,0,0,0,0,0,0,0,0,0,0,0,0,0,0,0,0,0,0,0,0,0,0,0,0,0,0,0,0,0,0,0,0,0,0,0,0,0,0,0,0,0,0,0,0,0,0,0,0,0,7.22708e-05,0.00260254,0.030033,0.143233,0.343147,0.488175,0.452994,0.303086,0.150716,0.0687135,0.0080588,0.00068084,0.000293627,0.00034662,6.17249e-05,0,0,0}:
{0,97,0,0,0,0,0,0,0,0,0,0,0,0,0,0,0,0,0,0,0,0,0,0,0,0,0,0,0,0,0,0,0,0,0,0,0,0,0,0,0,0,0,0,0,0,0,0,0,0,0,0,0,0,0,0,0,0,0,0,0,0,0,0,0,0,0,0,0,0,0,0,0,0,0,0,0,0,0,0,0,0,0,0,0.000332344,0.00471191,0.0385015,0.145753,0.32602,0.456183,0.431601,0.301374,0.0406276,0.00107559,0.000288598,0.000146014,6.17249e-05,0,0,0}:
{0,97,0,0,0,0,0,0,0,0,0,0,0,0,0,0,0,0,0,0,0,0,0,0,0,0,0,0,0,0,0,0,0,0,0,0,0,0,0,0,0,0,0,0,0,0,0,0,0,0,0,0,0,0,0,0,0,0,0,0,0,0,0,0,0,0,0,0,0,0,0,0,0,0,0,0,0,0,0,0,0,0,0,0,0,0,0.000649604,0.0084032,0.0468363,0.158525,0.329141,0.435481,0.13224,0.0014425,0.000302993,0.000118718,0.000268462,0.000159684,0,0};
>
