energy(#dis_anumu)<
@energy =
{0,97,0,0,0,0,0,0,0,0,0,0,0,0,0,0,0,0,0,0,0,0,0,0,0,0,0,0,0,0,0,0,0,0,0,0,0,0,0,0,0,0,0,0,0,0,0,0,0,0,0,0,0,0,0,0,0,0,0,0,0,0,0,0,0,0,0,0,0,0,0,0,0,0,0,0,0,0,0,0,0,0,0,0,0,0,0,0,0,0,0,0,0,0,0,0,0,0,0,0}:
{0,97,0,0,0,0,0,0,0.000916917,0,0.000358609,0.000337032,0,0,0,0.000119182,0.000102909,2.72116e-05,0,0,0,0,0,0,0,0,0,0,0,0,0,0,0,0,0,0,0,0,0,0,0,0,0,0,0,0,0,0,0,0,0,0,0,0,0,0,0,0,0,0,0,0,0,0,0,0,0,0,0,0,0,0,0,0,0,0,0,0,0,0,0,0,0,0,0,0,0,0,0,0,0,0,0,0,0,0,0,0,0,0}:
{0,97,0,0,0,0,0,0,0.00275075,0.000570288,0.000686429,0.00137031,0.00128249,0.000537366,0.000590218,0.000238364,0.000134266,5.44233e-05,0.000158854,0.000215457,6.51828e-05,0,0,0,5.38108e-05,0,0,0,0,0,0,0,0,0,0,6.52092e-05,0,0,0,0,0,0,0,0,0,0,0,0,0,0,0,0,0,0,0,0,0,0,0,0,0,0,0,0,0,0,0,0,0,0,0,0,0,0,0,0,0,0,0,0,0,0,0,0,0,0,0,0,0,0,0,0,0,0,0,0,0,0,0,0}:
{0,97,0,0,0,0,0.0756495,0.00764183,0.0100861,0.00376928,0.0035553,0.00317853,0.00256498,0.00106077,0.000769107,0.000787725,0.000442992,0.000205816,0.000635417,0.000143638,6.51828e-05,0.000144761,5.99997e-05,3.44475e-05,7.02076e-05,5.27483e-05,0,1.5315e-05,0,0.000155738,0,0,0,0,0,0,0,0,0,0,0,0,0,0,0,0,0,0,0,0,0,0,0,0,0,0,0,0,0,0,0,0,0,0,0,0,0,0,0,0,0,0,0,0,0,0,0,0,0,0,0,0,0,0,0,0,0,0,0,0,0,0,0,0,0,0,0,0,0,0}:
{0,97,0,0,0,0,0.92435,0.538945,0.158929,0.0963125,0.0659116,0.0368186,0.0203086,0.0182984,0.00948527,0.00652431,0.00546785,0.00396839,0.00229657,0.00161145,0.000691552,0.000816542,0.000373129,0.000430117,0.000318244,0.00024314,0.000153481,0.000150781,0,5.19126e-05,0.000120055,5.42711e-05,0,0.000116497,0,0,0,0,0,9.43538e-05,0,3.40957e-05,0,0,0,0,0,0,0,0,0,0,0,0,0,0,0,0,0,0,0,0,0,0,0,0,0,0,0,0,0,0,0,0,0,0,0,0,0,0,0,0,0,0,0,0,0,0,0,0,0,0,0,0,0,0,0,0,0,0}:
{0,97,0,0,0,0,0,0.444299,0.573859,0.211481,0.138547,0.100652,0.0565824,0.0357634,0.0241389,0.0189361,0.0137014,0.00988263,0.00719377,0.004147,0.0029307,0.00203744,0.00167484,0.0012855,0.00101778,0.000417458,0.00059394,0.000100521,0.000230499,8.35495e-05,0.000104182,1.65372e-05,0,0.000116497,6.11204e-05,0.000195628,0,0,2.61419e-05,9.43538e-05,0,0,0,0,0,0,0,0,0,0,0,0,0,0,0,0,0,0,0,0,0,0,0,0,0,0,0,0,0,0,0,0,0,0,0,0,0,0,0,0,0,0,0,0,0,0,0,0,0,0,0,0,0,0,0,0,0,0,0,0}:
{0,97,0,0,0,0,0,0.00276232,0.235557,0.439045,0.194964,0.140942,0.102002,0.0686824,0.0392639,0.0334829,0.0214067,0.0147594,0.0113625,0.00770712,0.00484953,0.00379911,0.00292453,0.00174255,0.0011418,0.00130965,0.000865331,0.000316877,0.00058054,0.000239287,0.000156273,7.08082e-05,0.000165135,5.82485e-05,0.000183361,0,9.31495e-05,0,0,0,0,0,0,0,0,0,0,0,0,0,0,0,0,0,0,0,0,0,0,0,0,0,0,0,0,0,0,0,0,0,0,0,0,0,0,0,0,0,0,0,0,0,0,0,0,0,0,0,0,0,0,0,0,0,0,0,0,0,0,0}:
{0,97,0,0,0,0,0,0.00635156,0.0118412,0.22323,0.370138,0.209821,0.159077,0.101342,0.0726751,0.0496313,0.0350229,0.026292,0.0198445,0.014512,0.00835261,0.00557156,0.00501937,0.00289292,0.00200993,0.00240831,0.00133697,0.000695015,0.000511003,0.0002912,0.000312546,0.000217084,0.000253727,0.000174746,0,0.000260837,7.13946e-05,0.000103423,8.57916e-05,0,0,0,0.000121799,0,0,0,0,0,0,0,0,0,0,0,0,0,0,0,0,0,0,0,0,0,0,0,0,0,0,0,0,0,0,0,0,0,0,0,0,0,0,0,0,0,0,0,0,0,0,0,0,0,0,0,0,0,0,0,0,0}:
{0,97,0,0,0,0,0,0,0.00514338,0.0222681,0.190145,0.305766,0.205746,0.149171,0.115027,0.083238,0.0548829,0.0382983,0.0282303,0.0215318,0.0159851,0.00929707,0.00884672,0.00653521,0.0045298,0.00325228,0.00222228,0.00103152,0.00117632,0.000884961,0.000797239,0.000467243,0.000347044,0.000192495,0.000122241,8.50794e-05,4.35098e-05,0,8.57916e-05,9.43538e-05,0.000102472,0.000111894,0,3.884e-05,0,0,0,0,0,0,0,0,0,0,0.000245366,0,0,0,0,0,0,0,0,0,0,0,0,0,0,0,0,0,0.00035581,0,0,0,0,0,0,0,0,0,0,0,0,0,2.10488e-05,0,0,0,0,0,0,0,0,0,0,0,0,0}:
{0,97,0,0,0,0,0,0,0,0.00183568,0.0246993,0.160453,0.268537,0.20177,0.154072,0.112792,0.0812752,0.055644,0.0420285,0.034416,0.0225921,0.0171023,0.0132478,0.00837625,0.00575358,0.00537172,0.00274508,0.00241918,0.00186352,0.00111289,0.000933167,0.000424849,0.000655816,0.000519236,0.000305602,0.000260837,0.000235939,0.000317075,0.000111934,0.000188708,0,3.40957e-05,3.71139e-05,0,0,4.58394e-05,0,0,0,0,0,0,0,0,0,0,0,0,0,0,0,0,0,0,0,0,0,0,0,0,0,0,0,0,0,0,0,0,0,0,0,0,0,0,0,0,0,0,0,0,0,0,0,0,0,0,0,0,0,0}:
{0,97,0,0,0,0,0,0,0.000916917,0.000744063,0.00564538,0.0258118,0.135118,0.236593,0.18697,0.152328,0.113568,0.0825151,0.0625592,0.0469862,0.032532,0.0265328,0.0194105,0.0136335,0.00920255,0.00716969,0.00508527,0.00500015,0.00294841,0.00194349,0.00139304,0.00111384,0.000672589,0.000747228,0.000361475,0.000365786,7.13946e-05,0.000231001,5.22838e-05,0.000188708,0.000204945,0.000223788,0.000121799,0.000127464,0.000182891,0,0,0,0,0,0,0,0,0,0,0,0,0,0,0,0,0,0,0,0,0,0,0,0,0,0,0,0,0,0,0,0,0,0,0,0,0,0,0,0,0,0,0,0,0,0,0,0,0,0,0,0,0,0,0}:
{0,97,0,0,0,0,0,0,0,0.000744063,0.00272881,0.00722292,0.0301346,0.137061,0.220999,0.173902,0.152582,0.119874,0.0935589,0.0656104,0.0479442,0.0369575,0.0252202,0.020193,0.0134608,0.0123395,0.00776799,0.00612356,0.00447477,0.00336094,0.0017939,0.00133092,0.00136668,0.00121322,0.000441219,0.000737171,0.000422238,0.000237806,0,0.000311812,0.000133697,0.000111894,0.000158913,0,0,0.000150434,4.99427e-05,0,5.38205e-05,0,0,0,0,0.000228789,0,0,0,0,0,0,0,0,0,0,0,0,0,0,0,0,0,0,0,0,0,0,0,0,0,0,0,0,0,0,0,0,0,0,0,0,0,0,0,0,0,0,0,0,0,0}:
{0,97,0,0,0,0,0,0,0,0,0.00143444,0.00599786,0.00955277,0.0314569,0.119057,0.191273,0.167479,0.143572,0.112831,0.0921196,0.071213,0.0488902,0.0401222,0.0291539,0.0219541,0.0158992,0.0121458,0.00769931,0.00667739,0.00511505,0.00351536,0.00298747,0.00148409,0.00148671,0.000948807,0.00116257,0.000614666,0.000286115,0.000197725,0.000406166,0.000196147,0.000593567,0.000158913,0.000127464,0.000408495,0.000150434,4.99427e-05,0.000163889,0.000176626,0,6.17415e-05,0,0.000219212,0,0,0,0,0,8.25608e-05,0,0,0,0,0,0,0,0,0,0,0,0,0.00010634,0,0,0,0,0,0,0,0,0,0,0,0,0,0,0,0,0,0,0,0,0,0,0,0,0,0,0,0}:
{0,97,0,0,0,0,0,0,0,0,0.000826491,0.00059535,0.00637753,0.00958745,0.0351806,0.115265,0.184312,0.166202,0.13816,0.114683,0.0914275,0.0694472,0.0516169,0.042601,0.0313862,0.023101,0.0177894,0.0131824,0.010663,0.0072009,0.00470205,0.00477631,0.00290321,0.00252018,0.00180974,0.00211524,0.00145914,0.000999534,0.000335801,0.00077548,0.000441114,0.000223788,0.000608996,0.000254928,0.000140177,0.000196273,0,0,0,0,0,0.000212239,0,0,7.47664e-05,7.6152e-05,0,0,0,0,0,0,0,0,0,0,0,0,0,0,0,0,0,0,0,0,0,0,0,0,0,0,0,0,0,0,0,0,0,0,0,0,0,0,0,0,0,0,0,0}:
{0,97,0,0,0,0,0,0,0,0,0.000358609,0.000258318,0.00212322,0.0046381,0.0118761,0.0341198,0.102028,0.169979,0.1573,0.136091,0.11039,0.0909684,0.0730754,0.0536189,0.0428575,0.0316838,0.0247369,0.0188819,0.0151206,0.0113539,0.00751988,0.00677968,0.00457394,0.00349266,0.00340988,0.00246115,0.00146527,0.00136492,0.000712475,0.00077548,0.000606036,0.000180086,0.000402512,0.000205144,0.000463244,0.000300868,0.000327801,4.99394e-05,5.38205e-05,0,0,0.000212239,6.67969e-05,0,0,0,0,0,0,0,0.000291103,0,0,0,0,0,0,0,0,0,0,0,0,0,0,0,0,0.000115569,0,0,0,0,0,0,0,0,0,0,0,0,0,0,0,9.73608e-06,0,0,0,0,0,0}:
{0,97,0,0,0,0,0,0,0,0,0,0.000774955,0.000592789,0.0028634,0.00535374,0.0133652,0.0378739,0.099627,0.154958,0.154657,0.133737,0.11281,0.0894329,0.0698971,0.055858,0.0418515,0.0355925,0.0270202,0.0205998,0.0153289,0.0130941,0.00803514,0.0060937,0.00535935,0.00353737,0.00345916,0.0021452,0.00146834,0.00187268,0.000746729,0.000708508,0.000773653,0.000805023,0.000205144,0.000182891,0.000196273,0.0001639,0.000163889,5.38205e-05,0.000192033,6.17415e-05,0,0,0,0,0,0,0,0,8.61367e-05,0,0,0,9.35108e-05,0,0,0,0,0,0,0,0,0,0,0,0,0,0,0,0,0,0,0,0,0,0,0,0,0,0,0,0,0,0,0,0,0,0,0,0}:
{0,97,0,0,0,0,0,0,0,0,0,0,0,0.000198193,0.00185421,0.00650384,0.014905,0.0369979,0.0910247,0.138853,0.142782,0.127372,0.110305,0.0925669,0.0717192,0.0563079,0.0434029,0.0346257,0.0265967,0.0208681,0.0146821,0.0129955,0.00983724,0.00674732,0.00579646,0.0046528,0.003688,0.00227157,0.00162267,0.0012185,0.00142581,0.000661758,0.000953479,0.000243984,4.27139e-05,0.000137518,0.0001639,0.000213829,0.000269103,5.85153e-05,0.000202621,0.000424477,0,6.97153e-05,0,0,0,0,0,0,0.000291103,0,9.22438e-05,0,0,0,0,0,0,0,0,0,0,0,0,0,0,0,0,0,0,0,1.51788e-05,0,1.79782e-05,0,2.10488e-05,0,0,0,0,0,0,0,0,0,0,0,0,0}:
{0,97,0,0,0,0,0,0,0,0,0,0,0,0.000975635,0.00209842,0.00453453,0.00772785,0.0142006,0.0407979,0.0878206,0.134435,0.135454,0.120758,0.109388,0.0899359,0.068776,0.0602515,0.0447284,0.0355286,0.0287192,0.0231982,0.0167075,0.01258,0.00957149,0.00681163,0.00554893,0.00390555,0.00439822,0.00311868,0.00146471,0.00139459,0.00115304,0.00112285,0.000371448,0.000731563,0.000739254,0.000149828,0.000527536,0,0.000250549,0.000123483,0.000276911,0.000352806,6.97153e-05,0,7.6152e-05,0,0.000158227,0,0,0,0,0,0.000306881,0,0,0,0,0,0,0,0,0.00010842,0,0,0,0,0,0,0,0,0,0,0,0,0,0,0,0,0,0,0,0,0,0,0,0,0,0,0}:
{0,97,0,0,0,0,0,0,0,0,0,0,0,0,0.000274219,0.00209873,0.00299804,0.00837983,0.0160078,0.0378236,0.090685,0.134812,0.134413,0.120691,0.107398,0.0927848,0.0737742,0.0594407,0.0493991,0.0398224,0.0305821,0.0222767,0.0174387,0.0133654,0.0102401,0.00698661,0.00668381,0.00497045,0.00436469,0.0026751,0.00165319,0.000910036,0.0021239,0.00128065,0.00106667,0.00134099,0.000263786,0.000249697,0.000814146,0,0.000123483,6.46721e-05,0.000286009,0.000457579,0,0.000228456,7.69385e-05,0,8.25608e-05,0,0,0,0,0,0,0,0,0,0,0,0,0,0.00010842,0,0,0,0.000113892,0,0,0,0,0,0,0,1.79782e-05,0,0,0,0,0,0,0,0,0,0,0,0,0,0,0}:
{0,97,0,0,0,0,0,0,0,0,0,0,0,0,0.000315999,0.000549361,0.00242078,0.00550607,0.00912797,0.018737,0.0432765,0.0863586,0.123083,0.127945,0.119446,0.106796,0.0905565,0.0770732,0.0589444,0.0494583,0.0395069,0.0325323,0.0235328,0.0205309,0.0148218,0.0117928,0.00750653,0.00741417,0.00554367,0.00399606,0.00270034,0.00365408,0.00233038,0.00116413,0.00151787,0.00111889,0.00138294,0.000327779,0.000514714,0.000117031,0,0.000701388,0.000133594,0.000209146,7.47664e-05,0.000326065,7.69385e-05,7.91135e-05,0.000353506,8.61367e-05,0,0.000294773,9.22438e-05,0,9.79177e-05,9.91938e-05,0,0,0,0,0,0,0,0.000108234,0,0,0,0,0,0,0,0,0,0,0,0,0,0,0,0,0,0,1.45491e-05,0,0,0,0,0,0,0}:
{0,97,0,0,0,0,0,0,0,0,0,0,0,0,0,0.000155498,0.00122607,0.00268328,0.00628223,0.0107864,0.0191343,0.0409888,0.0834062,0.115591,0.123985,0.115232,0.101646,0.0874186,0.0738689,0.0591377,0.0509039,0.0414549,0.0339536,0.0254043,0.0180536,0.0151613,0.0117596,0.0108921,0.00675616,0.00630185,0.00400608,0.00448104,0.00296604,0.00158536,0.00238961,0.00132807,0.000905315,0.000869386,0.000814146,0.000117031,0.000528726,0.000470927,0,0.00036822,0,0.000575978,0.000252494,7.91135e-05,0.000165122,0,0,0,0,0,0,0,0,0,0,0,0,0,0,0,0,0,0,0,0,0,0,0,0,0,0,0,2.10488e-05,0,0,0,0,0,0,0,0,0,0,0,0,0}:
{0,97,0,0,0,0,0,0,0,0,0,0,0,0,0,0.000155498,0.000237175,0.000590237,0.00279733,0.00583027,0.0110878,0.0219609,0.0438901,0.0839054,0.11095,0.116895,0.114161,0.10222,0.0872237,0.0764704,0.0586574,0.0515502,0.0411654,0.0323841,0.0243041,0.0209089,0.0184311,0.0143701,0.0104828,0.00820957,0.00520936,0.00521099,0.00413646,0.00216195,0.0022374,0.00146559,0.00210256,0.000791304,0.0014365,0.000810161,0.000326104,0.000553822,6.67969e-05,0.000209146,7.47664e-05,7.6152e-05,0.000230815,0.000259632,8.25608e-05,8.61367e-05,8.87033e-05,0,0.000302722,9.35108e-05,0.000321343,0,0,0,0,0,0,0,0.00010842,0,0,0,0,0,0,0,0,0,4.98133e-05,0,0,0,0,0,0,0,9.45256e-05,0,0,0,0,0,0,0,0,0}:
{0,97,0,0,0,0,0,0,0,0,0,0,0,0,0,0,0.000205817,0.000357209,0.00142287,0.00271062,0.00779702,0.013713,0.0224053,0.0411234,0.0790359,0.107163,0.115033,0.108735,0.105443,0.0863672,0.0758572,0.0605601,0.0503873,0.0419301,0.0343795,0.031215,0.0235347,0.0154526,0.0151269,0.0103967,0.0074013,0.00851018,0.00614902,0.00561442,0.00232283,0.00240112,0.00196046,0.00211014,0.00154414,0.000985707,0.000652209,0.000636716,0.000705612,0.000597009,0,0.000575978,0.000153877,7.91135e-05,0,8.61367e-05,8.87033e-05,0.000384595,0,0.000306881,0,9.91938e-05,0,0.000425146,0.000343751,0.000103844,0,0,0,0,0,0,0,0.000379269,0,0.000113243,0,0,1.51788e-05,5.45698e-05,0,0,0,0,0,0,0,0,0,0,0,0,0,0,0,0}:
{0,97,0,0,0,0,0,0,0,0,0,0,0,0,0,0,0,0.000267907,0.000683822,0.00163334,0.00414931,0.00705449,0.0131021,0.0222234,0.043534,0.0777231,0.100807,0.109205,0.106178,0.0984183,0.0846872,0.0722789,0.0612725,0.0545055,0.0434077,0.0322284,0.0275301,0.0219224,0.0201779,0.0131249,0.0115411,0.0101545,0.00740515,0.006441,0.00448684,0.00328372,0.00273002,0.0019744,0.0013137,0.000885164,0.00130442,0.00081251,0.0004864,0.000945586,0.000565498,7.6152e-05,0,0.000259632,0.000165122,0,0.00067091,0,0,9.35108e-05,9.79177e-05,0,0,0,0,0,0.000105209,0,0,0,0,0,0,0,0.000113748,0.000113243,0,0,1.51788e-05,1.66282e-05,0,0,0,0,0,0,0,0,0,0,0,0,0,0,0,0}:
{0,97,0,0,0,0,0,0,0,0,0,0,0,0,0,0,0,8.93022e-05,0.000397136,0.000849495,0.00200947,0.00360528,0.00758673,0.0147026,0.0252786,0.0463331,0.0727958,0.0984245,0.104047,0.105789,0.0932786,0.0849683,0.0729753,0.0628128,0.0520955,0.0419426,0.0344688,0.0256102,0.0222156,0.0196361,0.0140765,0.0124125,0.00845377,0.00720578,0.00544401,0.00468473,0.00355724,0.00217415,0.00207402,0.00167884,0.00150704,0.00032336,0.000419603,0.000965229,0.000598131,0.000533064,0,0.000677491,0.000165122,0.000172273,8.87033e-05,0.000179643,9.22438e-05,0,9.79177e-05,0,0,9.92922e-05,0,0,0,0,0,0,0,0,0,0,0,0,0,0,4.98133e-05,0,0,0,0,0,0,0,0,0,0,0,0,0,0,0,0,0}:
{0,97,0,0,0,0,0,0,0,0,0,0,0,0,0,0,0,2.72116e-05,0.000158854,0.000215457,0.00109691,0.00249626,0.00439079,0.0086072,0.0150658,0.0247066,0.0453226,0.0739719,0.0924133,0.103391,0.100565,0.0939939,0.080778,0.0729335,0.0599601,0.0557191,0.0420087,0.0387733,0.0295119,0.0241666,0.0209558,0.0169565,0.0133581,0.0110696,0.00802855,0.00629366,0.00524619,0.00408454,0.00296548,0.00237197,0.00274971,0.000747838,0.00198324,0.00243811,0.000320132,0.000304608,0.00106524,0.000237341,0.000330243,0.000368817,0.00067091,0.000179643,9.22438e-05,9.35108e-05,9.79177e-05,0.000297581,0.000332305,0.000325854,0,0.000681581,0,0,0,0,0,0,0,0.000115569,0,0,0,0,0,5.45698e-05,0,0,0,0,0,0,0,0,0,0,0,0,0,0,0,0}:
{0,97,0,0,0,0,0,0,0,0,0,0,0,0,0,0,0,0,2.42026e-05,0.000287276,0.000490407,0.00126996,0.00271595,0.00599205,0.00912056,0.0157525,0.0264875,0.0451659,0.0678115,0.0877563,0.0994929,0.0945929,0.0982661,0.0849492,0.0704313,0.0631733,0.0532719,0.0449167,0.0358391,0.0301109,0.0247529,0.0180562,0.0179447,0.0127884,0.0131429,0.00981949,0.00764841,0.00470423,0.00422535,0.00331565,0.00289059,0.0024093,0.00167841,0.000825798,0.000544432,0.000902043,0.000461631,0.000474681,0.000601188,0.000454954,0.000291103,8.98216e-05,0.000184488,0.000187022,0.000195835,9.91938e-05,0,0.000325854,0,0,0.000210418,0,0,0,0,0,0,0,0,0,0,0,4.55364e-05,0,0,1.91781e-05,0,0,0,0,0,0,0,0,0,0,0,0,0,0}:
{0,97,0,0,0,0,0,0,0,0,0,0,0,0,0,0,0,0,0.000158854,2.18842e-05,0.000280593,0.000207572,0.00180797,0.00281917,0.00686721,0.0101562,0.0162902,0.0270771,0.0458092,0.06816,0.0888708,0.10056,0.0940805,0.0931277,0.0817716,0.0717286,0.0627245,0.052944,0.0468856,0.0364209,0.0315306,0.0278611,0.0211172,0.0171999,0.0145206,0.0112722,0.00720665,0.00429064,0.00611442,0.00309064,0.00384196,0.00351695,0.00156364,0.000786512,0.00290226,0.000706825,0.00137299,0.000993945,0.000601188,0.000541091,0.00105072,0.000384595,9.22438e-05,0.000280532,0,0,0.000101258,0.000751,0.000448497,0,0,0,0,0,0,0.000113426,0,0,0,0,0,0.000116118,0,0,3.59564e-05,0,0,0,0,0,0,0,0,0,0,0,0,0,0,0}:
{0,97,0,0,0,0,0,0,0,0,0,0,0,0,0,0,0,0,0,0,0,0.000188433,0.000516563,0.00196379,0.00376467,0.00711241,0.0112473,0.0179073,0.0293536,0.0452648,0.0697849,0.0873626,0.0936543,0.0927582,0.0900979,0.0815707,0.069719,0.0636571,0.0547637,0.0449475,0.0381258,0.0344446,0.0267058,0.0231042,0.0168741,0.0156619,0.0111634,0.00977211,0.00814295,0.0044019,0.0049707,0.00292668,0.00327969,0.00218968,0.00221986,0.00126135,0.00088968,0.000553795,0.000954694,0.000430684,8.87033e-05,0.000564238,0.000671697,9.35108e-05,0.000195835,0.000424724,0.000332305,0,0,0,0,0,0.00021684,0,0,0.000372239,0,0,0.000113748,0,0,0,6.49921e-05,0,0,6.29382e-05,2.10488e-05,0,0,0,0,0,0,0,0,0,0,0,0,0}:
{0,97,0,0,0,0,0,0,0,0,0,0,0,0,0,0,0,0,0,0,0,8.19502e-05,0.000414846,0.00120423,0.00216674,0.00475685,0.0063511,0.0124415,0.0194516,0.0294143,0.0456333,0.0649773,0.0823618,0.0883991,0.0916393,0.0885374,0.0836734,0.0689266,0.0611398,0.0525784,0.0489478,0.0416994,0.0336332,0.0285354,0.022513,0.017775,0.0138934,0.0120166,0.00808913,0.00500354,0.00555333,0.00595448,0.00427131,0.00364291,0.00261476,0.0024133,0.0024599,0.00237122,0.00106052,0.00025841,0.00046851,0.000859011,0.000579454,0.000280532,0.000517178,0.000198388,0.000101258,0.000425146,0.000104746,0,0.000105209,0.000348984,0,0,0.000109386,0.000226853,0,0,0.000113748,0,0,0,1.51788e-05,0,0,0,0,0,0,0,0,0,0,0,0,0,0,0,0,0}:
{0,97,0,0,0,0,0,0,0,0,0,0,0,0,0,0,0,0,0,0,0,0,0.000119999,0.000469418,0.000814318,0.00188082,0.00463163,0.00768831,0.0118851,0.0188955,0.030845,0.0459386,0.065677,0.0805163,0.0894618,0.089079,0.0889483,0.0820692,0.072707,0.0625653,0.0513992,0.0458501,0.0384795,0.029828,0.0263964,0.023957,0.0233152,0.0159795,0.0109705,0.00916232,0.00877787,0.00469927,0.00612096,0.00425956,0.00185759,0.00329389,0.00231793,0.00159232,0.00117911,0.000823771,0.00138054,0.00106396,0.00176435,9.35108e-05,0.000419261,0.000424724,0.000202516,9.92922e-05,0,0.000340791,0.00090096,0,0.00010842,0,0,0,0,0,0,0,0,0,6.49921e-05,0,0,0,0,0,0,0,0,0,0,0,0,0,0,0,0,0}:
{0,97,0,0,0,0,0,0,0,0,0,0,0,0,0,0,0,0,0,0,0,0,5.99997e-05,0.000339145,0.000608315,0.001383,0.00291854,0.00498483,0.00801273,0.0123699,0.019778,0.0308122,0.0490284,0.0596956,0.0824988,0.0882598,0.0868745,0.0863504,0.0768352,0.069835,0.0634254,0.0540351,0.0496605,0.0390065,0.0334492,0.0325789,0.0196377,0.0198003,0.0157947,0.012412,0.0114832,0.00900049,0.00829426,0.00520515,0.00330872,0.00517413,0.00295512,0.00232664,0.000577925,0.00151287,0.000645916,0.000474416,0.000461219,0.000587413,0.000713014,0.000523918,0.000303774,0,0.000657988,0.000103844,0.000345271,0.000212681,0.00010842,0.000108234,0,0,0.000113892,0.000231137,0,0.000113243,0,0.000232237,1.51788e-05,0,5.90002e-05,0,0,7.59077e-05,0,0,0,0,1.45491e-05,3.19515e-05,0,0,0,0,0,0}:
{0,97,0,0,0,0,0,0,0,0,0,0,0,0,0,0,0,0,0,0,0,0,0,1.72237e-05,0.00046328,0.000701801,0.0015572,0.00256133,0.00537294,0.0088191,0.0147655,0.0202191,0.0296601,0.0450428,0.0599409,0.0736432,0.0838268,0.0843935,0.0825678,0.0767766,0.0710101,0.0642944,0.0554232,0.0439229,0.0414393,0.0381003,0.0291403,0.0216762,0.0200269,0.015084,0.0143295,0.0115209,0.00797061,0.00432928,0.00505892,0.00441471,0.00408539,0.00232664,0.00245128,0.00218863,0.00151923,0.000948833,0.00148762,0.00114848,0.000713014,0.000623112,0.00063608,0.000524438,0.000553243,0.000548478,0.000345271,0,0.00057265,0.000355197,0,0.000113426,0.000113892,0,0,0,0,0.000116118,0,3.32563e-05,0,1.91781e-05,0,2.31301e-05,0,0,0,9.86032e-05,0,0,0,0,0,0,0,0}:
{0,97,0,0,0,0,0,0,0,0,0,0,0,0,0,0,0,0,0,0,0,6.28109e-05,0,5.65242e-05,0.000215243,0.000332563,0.00082976,0.00169591,0.00386376,0.00523469,0.00910989,0.0129365,0.0236665,0.0323364,0.0452332,0.0562444,0.0735185,0.0774444,0.085104,0.077951,0.0733533,0.0652264,0.0554832,0.0524153,0.0471516,0.0425901,0.0361549,0.0273152,0.0261261,0.0198774,0.0164096,0.0125457,0.0104506,0.00945393,0.00625518,0.00442439,0.00486668,0.00391896,0.0026164,0.00279159,0.00240626,0.00157758,0.00246204,0.000561065,0.00100677,0.00117498,0.00137342,0.000651708,0.000448497,0.000548478,0.000555689,0.000455324,0.00010842,0.000216467,0.000218771,0.000113426,0.000113892,0.000115569,0,0.000371635,0,0,0.000160342,0,0,0,0,0,0,0,0,0,0,0,0,0,0,0,0,0}:
{0,97,0,0,0,0,0,0,0,0,0,0,0,0,0,0,0,0,0,0,0,0,0,0,0,5.27483e-05,0.000476031,0.000931002,0.00184828,0.0034153,0.00674746,0.00883522,0.0143923,0.0211184,0.0328381,0.0459973,0.0583884,0.0704644,0.0777406,0.0833697,0.0825103,0.0723089,0.0699878,0.062259,0.0529331,0.052447,0.0439658,0.0349195,0.0271252,0.0228436,0.0217238,0.0157693,0.0155235,0.0110967,0.0116648,0.00916306,0.00533808,0.00666345,0.00344201,0.00457381,0.00267237,0.00139794,0.00162013,0.000894294,0.000685424,0.000595163,0.000737338,0.000850292,0.000762734,0.000311531,0.000660898,0.00010634,0.00035581,0.000216467,0,0,0,0.000115569,0,0,0.000112983,0,6.49921e-05,8.78261e-05,5.90002e-05,0,0,0,0,0,0,0,0,0,0,0,0,0,0,0}:
{0,97,0,0,0,0,0,0,0,0,0,0,0,0,0,0,0,0,0,0,0,0,0,0,1.63969e-05,0,0.00027139,0.000598809,0.0010806,0.00218968,0.00306241,0.00715492,0.0088632,0.0156803,0.0239479,0.0309063,0.0432108,0.0584482,0.069339,0.0799515,0.0790966,0.0772245,0.071223,0.0647853,0.0561824,0.0557991,0.0496615,0.0443047,0.0352364,0.0307952,0.0296547,0.0241213,0.0176694,0.0148682,0.0151115,0.0117072,0.00773295,0.00613414,0.00595258,0.00330841,0.0047988,0.002052,0.0018566,0.00176224,0.0027114,0.000892744,0.00106964,0.00114817,0.000762734,0.000311531,0.000976525,0.000212681,0.00021684,0.000355197,0.000218771,0.000485665,0.000113892,0,0,0.000371635,0,0.000381074,1.51788e-05,0,0,0.000101294,0,0,0,2.84422e-05,0,0,0,0,0,0,0,0,0,0}:
{0,97,0,0,0,0,0,0,0,0,0,0,0,0,0,0,0,0,0,0,0,0,0,0,0,5.27483e-05,0.00010232,0.000367138,0.000676258,0.00144018,0.00206575,0.00390332,0.00687898,0.010382,0.0157147,0.0221907,0.0319639,0.0429969,0.0547121,0.0722639,0.0726584,0.0785716,0.0773626,0.0749856,0.0622473,0.0617777,0.0534826,0.0475417,0.0408072,0.0351386,0.0318661,0.02761,0.0208532,0.0169293,0.0153147,0.0100436,0.0116428,0.00936336,0.00761429,0.00509063,0.00412789,0.00297552,0.00234381,0.00234965,0.00142603,0.00226611,0.00050629,0.00112019,0.00110649,0.000311531,0.000105209,0.000561665,0.00082004,0.000108234,0,0,0.000113892,0.000231137,0.000113748,0.000113243,0.000112983,0.000116118,4.55364e-05,0,0,6.29382e-05,0,0,0,0,0,0,0,0,0,0,0,0,0,0}:
{0,97,0,0,0,0,0,0,0,0,0,0,0,0,0,0,0,0,0,0,0,0,0,0,0,0,0,0,6.52434e-05,0.000722319,0.00154931,0.00252022,0.00464576,0.00752504,0.0139661,0.0170212,0.0235598,0.0360404,0.0445979,0.055656,0.0675819,0.0717024,0.0750788,0.0787209,0.0712679,0.0618636,0.0609312,0.0514623,0.0467988,0.0473734,0.0352793,0.0303909,0.026611,0.0203611,0.0183054,0.0149153,0.0139271,0.0114304,0.0107365,0.00710699,0.00664784,0.0053084,0.00400419,0.00408554,0.0018177,0.00134542,0.00224054,0.0025229,0.00231772,0.00109696,0.0015915,0.000668005,0.00035581,0.00117383,0.000577749,0.000226853,0.000373766,0,0.000487044,0.000113243,0,0.000381074,9.53497e-05,0,9.49565e-05,0,6.90773e-05,2.31301e-05,0,0,0,0,4.43332e-06,0,0,0,0,0,0,0}:
{0,97,0,0,0,0,0,0,0,0,0,0,0,0,0,0,0,0,0,0,0,0,0,0,0,0,5.11602e-05,5.02604e-05,0.000165255,0.000514668,0.00094904,0.00250369,0.0025394,0.00472862,0.00789842,0.0103296,0.0161833,0.022943,0.02965,0.0442449,0.0532934,0.0630846,0.0634268,0.0714216,0.0722317,0.0630296,0.0660493,0.0601744,0.0547637,0.0481086,0.0426293,0.0354317,0.0285961,0.0252982,0.0254672,0.0223075,0.0185413,0.0132823,0.0112319,0.00731686,0.00836947,0.0049377,0.00442515,0.00423175,0.00314581,0.0023653,0.00274683,0.00229634,0.00189873,0.00140849,0.00180192,0.00133601,0.00139269,0.000355197,0.0011555,0.00108476,0.000227783,0.000115569,0,0,0.000967534,0.000116118,0.000160342,0.000125768,0,0,2.10488e-05,2.31301e-05,0,0,0,0,4.43332e-06,9.73608e-06,0,0,0,0,0,0}:
{0,97,0,0,0,0,0,0,0,0,0,0,0,0,0,0,0,0,0,0,0,0,0,0,0,0,0,5.02604e-05,6.52434e-05,0.000119644,0.000396383,0.000988757,0.0018694,0.00243143,0.00516375,0.00827399,0.012449,0.0174758,0.025036,0.0321875,0.0463675,0.0509108,0.0645602,0.071775,0.0676245,0.0651957,0.0686155,0.0671654,0.0562183,0.0554421,0.0509446,0.038894,0.0344602,0.0299367,0.0292741,0.0204058,0.0192869,0.0161405,0.0159926,0.0097639,0.00786469,0.0109508,0.00628175,0.00380501,0.00486559,0.00356823,0.00208222,0.00174392,0.0029757,0.00209007,0.000555689,0.000638042,0.0011453,0.000896366,0.000218771,0.000113426,0.00108921,0.000610406,0.000341245,0.000113243,0.000370784,0,0.000210155,4.98845e-05,1.79782e-05,1.91781e-05,0,0,0,0,0,0,0,0,0,0,0,0,0,0}:
{0,97,0,0,0,0,0,0,0,0,0,0,0,0,0,0,0,0,0,0,0,0,0,0,0,0,0,0,0,1.58185e-05,0.00038051,0.000613519,0.000562498,0.00211744,0.00307228,0.00656681,0.0082361,0.0130844,0.0195439,0.0233248,0.0335576,0.0389904,0.0544535,0.0614494,0.0647289,0.0694253,0.0645334,0.061629,0.0633773,0.0636187,0.0556717,0.0487417,0.0448421,0.0413496,0.0316993,0.0211008,0.024262,0.02454,0.0208254,0.0145233,0.0112692,0.0120401,0.00821632,0.00643519,0.00553586,0.00543757,0.00354123,0.00262219,0.00207871,0.00206081,0.000766107,0.00101699,0.00182637,0.000571665,0.000936727,0.000226853,0.00060155,0.000115569,0.000113748,0.000226485,0.000854551,0,0.000214432,7.11979e-05,1.79782e-05,0,0,0,0,0,0,0,0,0,0,0,0,0,0,0}:
{0,97,0,0,0,0,0,0,0,0,0,0,0,0,0,0,0,0,0,0,0,0,0,0,0,0,0,0,5.00059e-05,5.19126e-05,5.20911e-05,0.000271355,0.000545725,0.00127147,0.00261768,0.00332314,0.00671169,0.00842425,0.0135271,0.0182208,0.0242815,0.0339096,0.0394654,0.0523366,0.0631846,0.0649052,0.0685824,0.0712703,0.0708441,0.0597376,0.0553821,0.0532451,0.0531929,0.0417071,0.0368214,0.0333861,0.0319928,0.0267919,0.0206858,0.0166125,0.0135868,0.012579,0.0123128,0.00834364,0.00778526,0.00691013,0.0043513,0.00508914,0.00142072,0.00297934,0.00160778,0.00294463,0.00144001,0.000788132,0.000905906,0.000113426,0.00060155,0.000115569,0.000487044,0.000113243,0.000370784,0.000232237,0.000190699,0.00010914,0,1.91781e-05,6.90773e-05,0,8.11161e-05,0,0,0,1.45491e-05,0,0,0,0,0,0,0}:
{0,97,0,0,0,0,0,0,0,0,0,0,0,0,0,0,0,0,0,0,0,0,0,0,0,0,0,0,0,0,5.20911e-05,0.000162813,0.00038059,0.00073448,0.000930183,0.00222019,0.00461,0.00727298,0.00981115,0.0151601,0.0204034,0.0273261,0.0363405,0.0410131,0.0569182,0.0574997,0.0640966,0.0632806,0.0611502,0.061625,0.0582901,0.0592561,0.0513554,0.0433625,0.0426185,0.0376582,0.0327643,0.0314531,0.022394,0.0231408,0.018338,0.0157848,0.00889056,0.0106788,0.0103436,0.00706797,0.00582597,0.00466399,0.00334897,0.00263855,0.00268951,0.00217028,0.00122317,0.000432935,0.00151448,0.00165189,0.00060155,0.000115569,0.000113748,0.000339728,0.000338949,0.000116118,0.000156065,6.65127e-05,1.79782e-05,3.83563e-05,0,0,0,2.84422e-05,2.88033e-05,0,4.43332e-06,0,0,0,0,0,0,0}:
{0,97,0,0,0,0,0,0,0,0,0,0,0,0,0,0,0,0,0,0,0,0,0,0,0,0,0,0,0,0,0.000104182,0,0.000291999,0.000210244,0.000789318,0.00131846,0.0020303,0.00484968,0.0057749,0.00868579,0.0133768,0.0186848,0.0250043,0.0345163,0.0447259,0.0471889,0.0551497,0.0668721,0.067931,0.0689972,0.0619564,0.0630153,0.0589647,0.0491824,0.0498415,0.041778,0.0378184,0.0327189,0.0289118,0.0252809,0.0199323,0.0182353,0.0157492,0.014472,0.0123144,0.0103512,0.00656331,0.00653518,0.00536865,0.00349856,0.00492564,0.00393165,0.00354432,0.00225616,0.00220161,0.000567132,0.0012031,0.00122081,0.00134738,0.000339728,0.000338949,0.000381074,0.000396578,4.98845e-05,0,0,0,7.59077e-05,0.000105833,0,0,0,4.43332e-06,0,0,0,0,0,0,0}:
{0,97,0,0,0,0,0,0,0,0,0,0,0,0,0,0,0,0,0,0,0,0,0,0,0,0,0,0,0,0,0,0,0.000198681,0.00036724,0.000366722,0.0009272,0.00115181,0.00241276,0.0046482,0.00663431,0.0101241,0.0183194,0.0195918,0.0287963,0.0360271,0.0410599,0.0467408,0.0609412,0.0609789,0.0673019,0.0651114,0.0648872,0.0624411,0.0564074,0.05025,0.0494963,0.0445155,0.0401289,0.0319642,0.0312196,0.0276695,0.0239903,0.015501,0.0184087,0.0149154,0.0136093,0.00925309,0.0080092,0.0075226,0.00615317,0.00462628,0.0028847,0.00272428,0.00342999,0.000765699,0.00119818,0.00151268,0.000577843,0.000227497,0.000226485,0.0014513,0.0011105,0.000266594,0.000104454,7.69784e-05,6.29382e-05,0,0,0,0,2.88033e-05,9.86032e-05,1.45491e-05,0,0,0,0,0,0,0}:
{0,97,0,0,0,0,0,0,0,0,0,0,0,0,0,0,0,0,0,0,0,0,0,0,0,0,0,0,0,0,0,5.42711e-05,0,0.000232994,0.000305602,0.000496205,0.00118582,0.00154761,0.00286131,0.00519835,0.00709388,0.00810197,0.0150795,0.0199674,0.0255728,0.0355771,0.0435881,0.0502089,0.0596266,0.0624936,0.0598937,0.0599592,0.0588706,0.0536295,0.0546571,0.0497676,0.0502361,0.0437292,0.0362214,0.0328209,0.03658,0.0243382,0.0264159,0.0175289,0.0165649,0.0150944,0.0104083,0.00656316,0.00892711,0.0078118,0.00494191,0.00449332,0.00465907,0.00271959,0.00396568,0.00328623,0.00229231,0.000957112,0.000860339,0.000856513,0.000854551,0.000497192,0.000389953,1.66282e-05,3.59564e-05,0,0,2.31301e-05,0,0,0,0,1.45491e-05,0,0,0,0,0,0,0}:
{0,97,0,0,0,0,0,0,0,0,0,0,0,0,0,0,0,0,0,0,0,0,0,0,0,0,0,0,0,5.19126e-05,0,0,0,5.82485e-05,0.000201985,0.000456464,0.00095938,0.000865151,0.00183918,0.00274071,0.00490591,0.00731344,0.0122933,0.014091,0.0226707,0.0271503,0.0362035,0.0413484,0.0540283,0.0530808,0.057011,0.0598281,0.0612819,0.0573333,0.0565705,0.0551273,0.0554441,0.0426605,0.0456602,0.0360918,0.0343786,0.0299552,0.0224285,0.0239904,0.0200472,0.0119816,0.0143261,0.0121054,0.00945084,0.00686401,0.00552724,0.00569302,0.00640757,0.00225616,0.0028271,0.00199217,0.00117101,0.00194679,0.00142908,0.000711363,0.00230585,0.00137546,0.000522285,0.000154339,0.000135979,6.29382e-05,0,0,0,0,2.88033e-05,0,0,0,0,0,0,0,0,0}:
{0,97,0,0,0,0,0,0,0,0,0,0,0,0,0,0,0,0,0,0,0,0,0,0,0,0,0,0,0,0,0,0,0,0.000134246,6.11204e-05,0.000130418,0.000499762,0.000475613,0.00121249,0.00174777,0.00357377,0.00530895,0.00904082,0.0111692,0.0169956,0.0214396,0.0279853,0.0357466,0.0393859,0.0427481,0.0497497,0.0571319,0.0627393,0.0598873,0.0617347,0.0580833,0.0514238,0.0514334,0.0434206,0.0402858,0.0399782,0.0333407,0.0312217,0.0281405,0.0242398,0.0177727,0.0208894,0.0165275,0.0148918,0.010304,0.00756923,0.00980446,0.00637702,0.00378519,0.00390404,0.00344916,0.00398306,0.00301947,0.00168863,0.00182627,0.00153245,0.00137546,0.000706359,3.32563e-05,0.000153957,0.000183411,9.01261e-05,0,0,0,2.88033e-05,0,0,0,0,0,0,0,0,0}:
{0,97,0,0,0,0,0,0,0,0,0,0,0,0,0,0,0,0,0,0,0,0,0,0,0,0,0,0,0,0,0,0,0,0,0,0.000150289,0.000164544,0.000658305,0.00052616,0.00184212,0.0020855,0.00315319,0.00558288,0.0104044,0.0131549,0.0161532,0.020721,0.0289822,0.0342774,0.0372435,0.0461704,0.0556098,0.0560481,0.0593924,0.0586156,0.0586379,0.0582433,0.0558939,0.0500186,0.0479691,0.0401693,0.0387895,0.0357794,0.0271145,0.028322,0.0213003,0.0189084,0.0175917,0.0146985,0.0137865,0.0090718,0.00727168,0.00730548,0.00593311,0.00485768,0.00299546,0.00338151,0.0029869,0.00340931,0.00198894,0.00108052,0.00107778,0.000481026,0.000175652,7.69784e-05,6.29382e-05,2.10488e-05,0,8.11161e-05,0,0,0,0,0,0,0,0,0,0,0}:
{0,97,0,0,0,0,0,0,0,0,0,0,0,0,0,0,0,0,0,0,0,0,0,0,0,0,0,0,0,0,0,0,0,0,0,6.52092e-05,0,7.92688e-05,0.000257375,0.00131285,0.00162196,0.00270034,0.0036226,0.00586441,0.00853451,0.0124698,0.0166157,0.022324,0.0278484,0.038193,0.0409022,0.0466275,0.050487,0.0531827,0.0561314,0.0586164,0.0541264,0.0528351,0.0545234,0.0480686,0.047197,0.0445217,0.0408359,0.0354819,0.0292184,0.0261302,0.0192849,0.0209496,0.0188988,0.0188106,0.0114294,0.0125229,0.00776971,0.00669075,0.0101499,0.00493812,0.00642135,0.00336617,0.00199782,0.00347548,0.00179025,0.00172381,0.000832067,0.000422502,0.000189913,0,0,0,4.94344e-05,0,0,0,0,9.73608e-06,0,0,0,0,0,0}:
{0,97,0,0,0,0,0,0,0,0,0,0,0,0,0,0,0,0,0,0,0,0,0,0,0,0,0,0,0,0,0,0,0,0,0,0,0,0.000151732,0.000223867,0.000906686,0.00101593,0.00140132,0.00332098,0.00409086,0.00691917,0.0105917,0.0126603,0.017114,0.0244592,0.0279477,0.0348724,0.040315,0.0459485,0.0543482,0.0542738,0.0594755,0.0581825,0.0580968,0.0496441,0.0516002,0.0419047,0.0457261,0.0418272,0.0371005,0.0348095,0.030179,0.0258197,0.0232892,0.0165707,0.0207091,0.0121066,0.0102627,0.012273,0.00897741,0.00623195,0.00427511,0.00549575,0.00534552,0.00368645,0.00307194,0.00224218,0.000961666,0.00092314,0.000384561,7.19127e-05,5.75344e-05,2.10488e-05,0,0,0,0,0,0,0,0,0,0,0,0,0}:
{0,97,0,0,0,0,0,0,0,0,0,0,0,0,0,0,0,0,0,0,0,0,0,0,0,0,0,0,0,0,0,0,0,0,0,0,0,0,0.000111934,0.000123105,0.000779756,0.00135761,0.00174804,0.00297652,0.00473652,0.00610448,0.0111839,0.0123803,0.0147887,0.0199812,0.0310826,0.0311852,0.0409631,0.050235,0.0518507,0.0476943,0.0550063,0.0517175,0.0567607,0.0538373,0.0456165,0.046599,0.0482221,0.0418644,0.0391855,0.0342432,0.0282471,0.0294399,0.0200701,0.0161296,0.0203204,0.014786,0.0149362,0.0119745,0.0117568,0.0105568,0.00541395,0.00438841,0.00488803,0.00358872,0.00287077,0.00145886,0.00163805,0.000401189,0.000171935,1.91781e-05,9.01261e-05,7.59077e-05,0,0,0,0,0,0,0,0,0,0,0,0}:
{0,97,0,0,0,0,0,0,0,0,0,0,0,0,0,0,0,0,0,0,0,0,0,0,0,0,0,0,0,0,0,0,0,0,0,6.52092e-05,0,0,8.57916e-05,0.000188708,0.000164922,0.000885547,0.00123419,0.00199565,0.00261522,0.00431801,0.00615923,0.00853907,0.0149032,0.0205705,0.0240952,0.0292732,0.0304852,0.0451585,0.0474531,0.0563201,0.0445078,0.052687,0.0544025,0.062649,0.0579178,0.0561633,0.0483286,0.0382898,0.0356204,0.0365373,0.0320065,0.0305348,0.0268271,0.018502,0.0260581,0.0180496,0.0175659,0.0125324,0.00755848,0.0114003,0.00812973,0.00719462,0.00681861,0.00307194,0.0042584,0.0023044,0.00167076,0.000489015,0.000112935,6.29382e-05,0.000153273,7.59077e-05,0,9.33407e-05,0,0,4.43332e-06,0,0,0,0,0,0,0}:
{0,97,0,0,0,0,0,0,0,0,0,0,0,0,0,0,0,0,0,0,0,0,0,0,0,0,0,0,0,0,0,0,0,0,0,0,0,0,0.000257375,9.43538e-05,0.000204945,0.000403874,0.000439626,0.000781735,0.00258454,0.00433093,0.00577376,0.00719209,0.0103094,0.0162197,0.0207264,0.0262354,0.0283016,0.0377568,0.0426259,0.0462474,0.0504691,0.054549,0.0581875,0.0540715,0.0533376,0.0485498,0.0469006,0.0487935,0.0458785,0.0445511,0.0305061,0.0294272,0.0294133,0.0315851,0.0265382,0.0188569,0.0184668,0.0163481,0.0123992,0.011028,0.00910504,0.00862869,0.00815154,0.00415494,0.00525777,0.00440929,0.00187664,0.000220851,0.000225869,0.000164233,0,0,0,0,0,0,0,9.73608e-06,0,0,0,0,0,0}:
{0,97,0,0,0,0,0,0,0,0,0,0,0,0,0,0,0,0,0,0,0,0,0,0,0,0,0,0,0,0,0,0,0,0,0,0,0,2.41543e-05,0,0,0,0.000111894,0.000524311,0.00138021,0.00136566,0.00196273,0.00340742,0.00585145,0.00608409,0.0115343,0.013166,0.0203556,0.0241809,0.030521,0.033896,0.0363754,0.0449576,0.0491168,0.0496313,0.0517567,0.056451,0.0543187,0.0525835,0.0530253,0.0491925,0.0431219,0.0431522,0.0386965,0.0331975,0.0315616,0.0242428,0.0233502,0.0172436,0.0208269,0.0168194,0.014768,0.0111054,0.00645077,0.00534303,0.00777557,0.00530708,0.00475765,0.00230357,0.000650612,0.000107869,0.000125876,9.01261e-05,2.31301e-05,0,0,0,3.00458e-05,4.43332e-06,0,0,0,0,0,0,0}:
{0,97,0,0,0,0,0,0,0,0,0,0,0,0,0,0,0,0,0,0,0,0,0,0,0,0,0,0,0,0,0,0,0,0,0,0,0,0,0,9.43538e-05,0,0.000111894,0.000196027,3.884e-05,0.000280354,0.00166187,0.00289392,0.0030154,0.00546174,0.00842716,0.0112015,0.0140031,0.0198221,0.0257931,0.0274438,0.032734,0.0405742,0.0419808,0.0475126,0.048031,0.0540835,0.0499844,0.0498565,0.0539051,0.0442193,0.0522954,0.0443958,0.0373651,0.0411981,0.038604,0.0298915,0.0317887,0.0218859,0.0166423,0.0173802,0.0152073,0.0101301,0.0104778,0.0102455,0.0089399,0.00516226,0.00755924,0.00271105,0.000643354,0.000202826,1.91781e-05,9.01261e-05,7.59077e-05,2.47172e-05,9.33407e-05,2.88033e-05,3.00458e-05,3.35316e-05,0,0,0,0,0,0,0}:
{0,97,0,0,0,0,0,0,0,0,0,0,0,0,0,0,0,0,0,0,0,0,0,0,0,0,0,0,0,0,0,0,0,0,0,0,0,0,0,0,0,0.000223788,0.000487197,7.768e-05,0.000493923,0.000981367,0.0011691,0.00361329,0.00517747,0.00677387,0.00772042,0.0113087,0.0167908,0.022867,0.0222544,0.0295259,0.0324468,0.0387639,0.0435136,0.047024,0.0502354,0.0480754,0.0515168,0.0533993,0.0547711,0.0496073,0.0485446,0.0415327,0.041617,0.0377893,0.0375171,0.0318815,0.0241016,0.0225921,0.0153666,0.0158383,0.0150564,0.0112689,0.0128297,0.00826045,0.00951616,0.00788963,0.00354077,0.00104197,0.000166869,0.000328465,4.20976e-05,0,0.000130551,0,0,0,4.43332e-06,0,0,0,0,0,0,0}:
{0,97,0,0,0,0,0,0,0,0,0,0,0,0,0,0,0,0,0,0,0,0,0,0,0,0,0,0,0,0,0,0,0,0,0,0,0,0,0,0,0,3.40957e-05,7.42279e-05,3.884e-05,0.000560707,0.000785094,0.00106922,0.00166069,0.00292682,0.00428487,0.00671516,0.0099888,0.0118806,0.0151255,0.0174524,0.0257751,0.0277795,0.0323924,0.0411577,0.040765,0.0491186,0.0483701,0.0490808,0.0441639,0.0473624,0.042827,0.0515225,0.0490174,0.047955,0.0384841,0.029859,0.0365875,0.0349652,0.0316748,0.0245489,0.0179264,0.0183561,0.015361,0.0134801,0.00903875,0.00985511,0.00582068,0.00481067,0.00122957,0.00034387,0.000120473,4.20976e-05,9.90379e-05,0,2.84422e-05,0,9.86032e-05,0,0,0,0,0,0,0,0}:
{0,97,0,0,0,0,0,0,0,0,0,0,0,0,0,0,0,0,0,0,0,0,0,0,0,0,0,0,0,0,0,0,0,0,0,0,0,0,0,0,0,0,0,3.884e-05,0.000225605,0.000346707,0.000691472,0.000641486,0.00150549,0.00358268,0.00450372,0.00595448,0.00872419,0.0168164,0.0155506,0.01933,0.0235381,0.0290373,0.0350272,0.0398042,0.040258,0.0457425,0.0514649,0.0566789,0.0471292,0.056604,0.0512757,0.0484776,0.0386737,0.0407262,0.0381647,0.0384852,0.0363076,0.0304537,0.0280801,0.0227686,0.0274611,0.0189226,0.0159618,0.0141778,0.0134038,0.0127307,0.00488657,0.00146705,0.000528717,0.000328465,0.000111175,0,0,9.33407e-05,0,0,0,0,0,0,0,0,0,0}:
{0,97,0,0,0,0,0,0,0,0,0,0,0,0,0,0,0,0,0,0,0,0,0,0,0,0,0,0,0,0,0,0,0,0,0,0,0,0,0,0,0,0,0,0.000127464,4.27139e-05,0.000346707,0.000213843,0.00108321,0.000622355,0.00287307,0.00391325,0.00365629,0.00490164,0.00793098,0.0122745,0.0161101,0.0185077,0.0257066,0.0240813,0.0338765,0.0388138,0.042304,0.0477634,0.0527711,0.0527852,0.0468759,0.0558424,0.0463672,0.0481055,0.0480905,0.0451782,0.0397448,0.0396411,0.0363396,0.0289721,0.0302948,0.0278028,0.0247304,0.0204445,0.0179436,0.0185311,0.0123496,0.00580115,0.00157876,0.000605696,0.000139651,6.31464e-05,0.000122168,0,9.33407e-05,0,0,8.86665e-06,9.73608e-06,0,0,0,0,0,0}:
{0,97,0,0,0,0,0,0,0,0,0,0,0,0,0,0,0,0,0,0,0,0,0,0,0,0,0,0,0,0,0,0,0,0,0,0,0,0,0,0,0,0,0,0,4.27139e-05,0,9.98854e-05,0.000363647,0.000622355,0.00135329,0.0021323,0.00315714,0.00643612,0.00793098,0.0108002,0.0139585,0.0160891,0.0210512,0.0236069,0.0334724,0.0316837,0.0451872,0.0406137,0.0507955,0.0469155,0.0506551,0.0520858,0.047556,0.0525772,0.0543607,0.0459309,0.0462527,0.0357715,0.0412238,0.0315266,0.030298,0.0288775,0.0276669,0.025347,0.0183009,0.0167265,0.0156991,0.00802648,0.00243525,0.000451739,0.000158829,0.000111175,9.25206e-05,0,0,0,0,4.43332e-06,0,0,0,0,0,0,0}:
{0,97,0,0,0,0,0,0,0,0,0,0,0,0,0,0,0,0,0,0,0,0,0,0,0,0,0,0,0,0,0,0,0,0,0,0,0,0,0,0,0,0,0,0,0,0,0.000213843,0.000263768,0.000583699,0.000234061,0.000696554,0.00247397,0.00307081,0.00420949,0.00740724,0.0120451,0.0122897,0.0143309,0.0231243,0.0231917,0.0283542,0.0394044,0.0378087,0.0416009,0.0479775,0.0454565,0.0511331,0.0460414,0.0506593,0.0517968,0.042791,0.0447099,0.0443612,0.0475731,0.0309549,0.0292308,0.0315757,0.0298773,0.0263531,0.0238322,0.0218538,0.0179855,0.00988987,0.00201789,0.000836631,0.000386,0.000132224,2.31301e-05,2.47172e-05,0.000121783,0,0,0,0,0,0,0,0,0,0}:
{0,97,0,0,0,0,0,0,0,0,0,0,0,0,0,0,0,0,0,0,0,0,0,0,0,0,0,0,0,0,0,0,0,0,0,0,0,0,0,0,0,0,0,0,0,0,0.000327801,0.000427657,0.000353253,0.000559613,0.000326104,0.00102475,0.00185998,0.00276704,0.00535798,0.00865356,0.00926959,0.0127731,0.0159484,0.0232645,0.0212378,0.0257386,0.0324494,0.0374338,0.0455144,0.042074,0.0449149,0.0464259,0.0469857,0.0534583,0.048696,0.050373,0.0470382,0.0400805,0.0429275,0.0342648,0.0352171,0.0331784,0.0272311,0.0230539,0.0202926,0.0220317,0.0103861,0.00304323,0.000890565,6.29382e-05,2.10488e-05,0,0,0,0,0,0,0,0,0,0,0,0,0}:
{0,97,0,0,0,0,0,0,0,0,0,0,0,0,0,0,0,0,0,0,0,0,0,0,0,0,0,0,0,0,0,0,0,0,0,0,0,0,0,0,0,0,0,0,0,0,0,0.000213829,0,0.000367579,0.000264363,0.000747838,0.00176403,0.0026669,0.00364992,0.00515267,0.00728322,0.0107406,0.0139797,0.0169194,0.0195137,0.0252225,0.0274825,0.0309603,0.0351032,0.0387754,0.042054,0.0454583,0.047955,0.054137,0.0533194,0.0435731,0.0411757,0.0413793,0.0485031,0.0401886,0.0356726,0.0329651,0.0272839,0.0242358,0.0243425,0.0277658,0.0126597,0.00283221,0.000867521,0.000240945,2.10488e-05,0.000250853,4.94344e-05,2.84422e-05,9.45256e-05,3.00458e-05,4.43332e-06,0,0,0,0,0,0,0}:
{0,97,0,0,0,0,0,0,0,0,0,0,0,0,0,0,0,0,0,0,0,0,0,0,0,0,0,0,0,0,0,0,0,0,0,0,0,0,0,0,0,0,0,0,0,0,0,0.000213829,0.000230447,0.000735158,0.000449587,0.00179081,0.00258441,0.00423992,0.00684174,0.0128924,0.0203066,0.024735,0.0400949,0.0521631,0.0713184,0.0827723,0.113504,0.131827,0.160045,0.195001,0.220096,0.253356,0.280654,0.284326,0.317689,0.33591,0.354369,0.354823,0.370497,0.367289,0.355591,0.345865,0.341275,0.327569,0.305454,0.289922,0.185047,0.0709979,0.0194288,0.00566221,0.0023827,0.00107344,0.000384687,0.000722683,0.00039879,0.000257298,0.000127195,0,0,0,0,0,0,0}:
{0,97,0,0,0,0,0,0,0,0,0,0,0,0,0,0,0,0,0,0,0,0,0,0,0,0,0,0,0,0,0,0,0,0,0,0,0,0,0,0,0,0,0,0,0,0,0,0,0,0,0,0,0,0.000457579,7.47664e-05,7.6152e-05,0.000230815,0.000734313,0.00226289,0.00451194,0.00653414,0.0073743,0.0137601,0.0145536,0.0231075,0.038348,0.0479342,0.0671643,0.0717931,0.0840325,0.123056,0.133096,0.154458,0.185593,0.214825,0.24587,0.257471,0.285154,0.305317,0.323498,0.319356,0.338823,0.318854,0.184183,0.0784528,0.024554,0.00732568,0.00241729,0.00129472,0.000974263,0.000637332,0.000514596,0.000117079,3.19515e-05,1.73208e-05,0,0,0,0,0}:
{0,97,0,0,0,0,0,0,0,0,0,0,0,0,0,0,0,0,0,0,0,0,0,0,0,0,0,0,0,0,0,0,0,0,0,0,0,0,0,0,0,0,0,0,0,0,0,0,0,0,0,0,0,0,0,0,0,0,0,0,0,0.000269465,0.000579454,0.000894294,0.0019708,0.00219487,0.0043513,0.00588347,0.00675986,0.0129426,0.0172264,0.0249124,0.0359715,0.0481006,0.0571246,0.0755269,0.0925342,0.115611,0.130583,0.166343,0.199539,0.213026,0.39111,0.57206,0.481288,0.274013,0.116257,0.0402617,0.0144385,0.00586318,0.00298504,0.00187429,0.00042217,7.08958e-05,0,0,0,0,0,0}:
{0,97,0,0,0,0,0,0,0,0,0,0,0,0,0,0,0,0,0,0,0,0,0,0,0,0,0,0,0,0,0,0,0,0,0,0,0,0,0,0,0,0,0,0,0,0,0,0,0,0,0,0,0,0,0,0,0,0,0,0,0,0,0,0,0,0,0,0,0,0,0,0,0.00010842,0.000108234,0,0,0.000861424,0.000462274,0.00180238,0.0016173,0.00354866,0.00515668,0.0284604,0.149142,0.376036,0.523771,0.471712,0.295475,0.130839,0.052622,0.0170736,0.00664825,0.00147782,7.08958e-05,5.19623e-05,3.3257e-05,0,0,0,0}:
{0,97,0,0,0,0,0,0,0,0,0,0,0,0,0,0,0,0,0,0,0,0,0,0,0,0,0,0,0,0,0,0,0,0,0,0,0,0,0,0,0,0,0,0,0,0,0,0,0,0,0,0,0,0,0,0,0,0,0,0,0,0,0,0,0,0,0,0,0,0,0,0,0,0,0,0,0,0,0,0,0,0,0.000145163,0.00352287,0.0376896,0.162519,0.349047,0.485274,0.444947,0.298209,0.149537,0.0599159,0.00637571,0.000218174,0,0,0,0,0,0}:
{0,97,0,0,0,0,0,0,0,0,0,0,0,0,0,0,0,0,0,0,0,0,0,0,0,0,0,0,0,0,0,0,0,0,0,0,0,0,0,0,0,0,0,0,0,0,0,0,0,0,0,0,0,0,0,0,0,0,0,0,0,0,0,0,0,0,0,0,0,0,0,0,0,0,0,0,0,0,0,0,0,0,0,3.32563e-05,0.000510739,0.00648825,0.0510488,0.164381,0.349531,0.455933,0.426681,0.291256,0.0377535,0.00033775,6.9283e-05,0.000133028,0,0,0,0}:
{0,97,0,0,0,0,0,0,0,0,0,0,0,0,0,0,0,0,0,0,0,0,0,0,0,0,0,0,0,0,0,0,0,0,0,0,0,0,0,0,0,0,0,0,0,0,0,0,0,0,0,0,0,0,0,0,0,0,0,0,0,0,0,0,0,0,0,0,0,0,0,0,0,0,0,0,0,0,0,0,0,0,0,0,0,6.29382e-05,0.000883468,0.0100344,0.0561774,0.170799,0.334798,0.439726,0.129219,0.000785341,0.000131006,6.6514e-05,7.52223e-05,0,0,0};
>
