energy(#app_anue)<
@energy =
{0,97,0,0.199449,0.0168509,0.0195448,0.00135734,0.00552823,0,0.000430521,0.000711452,0.000328988,0.000200469,0.000164362,0,3.69229e-05,0.000109732,0,8.51609e-05,0,0,0,0,0,0,5.62119e-05,0,0,0,0,0,0,0,0,0,0,0,0,0,0,0,0,0,0,0,0,0,0,0,0,0,0,0,0,0,0,0,0,0,0,0,0,0,0,0,0,0,0,0,0,0,0,0,0,0,0,0,0,0,0,0,0,0,0,0,0,0,0,0,0,0,0,0,0,0,0,0,0,0,0}:
{0,97,0,0.65142,0.438313,0.129807,0.0423726,0.0389766,0.0161991,0.0103225,0.00640105,0.00601752,0.00234752,0.00147825,0.00179956,0.000245547,0.000946477,8.97155e-05,0.000393901,2.35112e-05,0,6.94494e-05,0.000130097,0.000184907,1.8009e-05,5.8945e-07,0,0,0,5.55683e-05,0,0,0,0,0,1.1482e-06,0,0,0,0,0,0,0,0,0,0,0,0,0,0,0,0,0,0,0,0,0,0,0,0,0,0,0,0,0,0,0,0,0,0,0,0,0,0,0,0,0,0,0,0,0,0,0,0,0,0,0,0,0,0,0,0,0,0,0,0,0,0,0,0}:
{0,97,0,0.149131,0.434798,0.432067,0.203618,0.0990782,0.0519582,0.0425235,0.0230587,0.0150283,0.00797317,0.00509123,0.00438229,0.00397709,0.00182016,0.000823892,0.00045447,0.00097619,0.000533994,0.000568796,0.000390292,0.000123597,0.000119145,1.80248e-05,0.000143663,0.00011009,5.56667e-05,5.64543e-05,0,0.000118878,0,0,0,0,0,0,0,0,0,0,0,0,0,0,0,0,0,0,0,0,0,0,0,0,0,0,0,0,0,0,0,0,0,0,0,0,0,0,0,0,0,0,0,0,0,0,0,0,0,0,0,0,0,0,0,0,0,0,0,0,0,0,0,0,0,0,0,0}:
{0,97,0,0,0.110038,0.32218,0.415248,0.213949,0.119275,0.0917587,0.0494266,0.0301599,0.0203519,0.0132218,0.00879937,0.00652475,0.00557843,0.00346308,0.00169942,0.00133388,0.000793821,0.000682086,0.000534626,0.00018555,0.00033403,0.000113909,7.18315e-05,8.77623e-07,5.47931e-05,5.55683e-05,9.18648e-07,0,0,0,0,0,0,0,0,0,0,0,0,0,0,0,0,0,0,0,0,0,0,0,0,0,0,0,0,0,0,0,0,0,0,0,0,0,0,0,0,0,0,0,0,0,0,0,0,0,0,0,0,0,0,0,0,0,0,0,0,0,0,0,0,0,0,0,0,0}:
{0,97,0,0,0,0.0891903,0.243296,0.298766,0.234552,0.133463,0.0894236,0.0562591,0.0298051,0.0278325,0.0180735,0.0135421,0.00795539,0.00442608,0.00390037,0.0022032,0.00179378,0.000932141,0.00125499,0.000835368,0.00086438,0.000451488,0.000198718,0.00045801,0.000346328,7.25008e-05,5.7618e-05,0,0,6.38143e-05,2.05712e-05,0,0,0,0,0,0,0,0,0,0,0,0,0,0,0,0,0,0,0,0,0,0,0,0,0,0,0,0,0,0,0,0,0,0,0,0,0,0,0,0,0,0,0,0,0,0,0,0,0,7.28329e-07,0,0,0,0,0,0,0,0,0,0,0,0,0,0,0}:
{0,97,0,0,0,0.00720966,0.0848852,0.241187,0.273143,0.216737,0.149706,0.0958434,0.0681934,0.0405929,0.0273839,0.0181927,0.0145299,0.00890449,0.00711942,0.00430988,0.00288585,0.00303586,0.00155834,0.000976936,0.000809048,0.000593342,0.000529928,0.000221057,0.000220046,0.000111137,0.000174691,1.81119e-05,6.20918e-05,6.38143e-05,6.75099e-05,0,8.03184e-05,8.68586e-05,0,0,0,1.93303e-06,0,0,0,0.000166399,0,0,0,0,0,0,7.29935e-05,0,0,0,0,0,0,0,0,0,0,0,0,0,0,0,0,0,0,0,0,0,0,0,0,0,0,0,0,0,0,0,0,0,0,9.27234e-05,0,0,0,0,0,0,0,0,0,0,0,0}:
{0,97,0,0,0,0,0.00918908,0.0930006,0.215879,0.227983,0.206805,0.144501,0.105587,0.0812261,0.0497262,0.0337513,0.0203639,0.0171921,0.0112047,0.00859209,0.00488467,0.00410212,0.00213668,0.00188316,0.00121385,0.000932689,0.000844061,0.000696417,0.000400248,0.00039075,0.000307484,0.000274603,0.000267287,1.94451e-05,0.000108652,0,8.42236e-07,2.78519e-05,0,0.000103965,0,0,3.99817e-05,0,0,0,0,0,0,0,0,0,0,0,0,0,0,0,0.000309432,0,0,0,0,0,0,0,0,0,0,0,0,0,0,0,0,0,0,0,0,0,0,0,0,0,0,0,0,0,0,0,0,0,0,0,0,0,0,0,0,0}:
{0,97,0,0,0,0,3.40345e-05,0.00839325,0.0747124,0.178775,0.217887,0.194529,0.153245,0.112164,0.0773494,0.0595913,0.0404913,0.0279634,0.0164776,0.0123875,0.010262,0.00663851,0.00497689,0.00237128,0.00208829,0.00128681,0.0011723,0.000934247,0.00056429,0.000239206,0.000405163,0.000417968,0.000435632,0.000211906,0,7.20154e-05,0.000104793,8.82435e-05,0,0,0,0,2.09199e-06,0,0,0,2.83191e-06,0,0,0,0,0,0,0,0,0,0,0,0,0,0,3.57176e-06,0.000102958,0,0,0,0,0,0,0,0,0,0,0,0,0,0,0,0,0,0,0,0,0,0,0,0,0,0,0,0,0,0,0,0,0,0,0,0,0}:
{0,97,0,0,0,0,0,0.00112132,0.0125656,0.0782346,0.156532,0.210646,0.192906,0.153347,0.11823,0.0840201,0.0591747,0.0410983,0.0285963,0.0204683,0.0155045,0.0121126,0.00603974,0.00523198,0.00364227,0.00302746,0.00148731,0.00165274,0.000927016,0.00108755,0.000687991,0.00067446,0.000435632,0.00019246,8.80812e-05,0.000144786,8.28795e-05,8.68586e-05,0,3.11824e-05,0,0,0,0,0,5.07042e-05,0,0,0.000200213,0,0,0,7.29935e-05,0,0,0,0,0,0,0,0,0,0,0,0,0,0.000374766,0,0,0,0,0,0,0,0,0,0,0,0,0,0,0,0,0,0,0,0,0,0,0,0,0,0,0,0,0,0,0,0,0}:
{0,97,0,0,0,0,0,0,0.0017053,0.0182045,0.0760878,0.149469,0.18672,0.173383,0.148003,0.112791,0.0800751,0.0588141,0.0440432,0.0326258,0.0214403,0.0172563,0.0111122,0.00754758,0.00534941,0.00362528,0.00269937,0.00248364,0.00163577,0.00140993,0.00102999,0.000654452,0.000207175,0.000588295,0.000314411,0.000212522,0.000187672,2.87627e-05,0.000125567,0.000103965,0.000334587,0.000195128,1.3759e-06,0,2.44762e-06,5.07042e-05,5.41228e-05,1.97081e-06,0,0,0,0,3.81929e-06,0,8.29615e-05,0,0,0,0,0,0,0,0,0,0,0,0,0,6.26714e-06,0,0,0,0,0,0,0,0,0,0,0,0,0,0,0,0,0,0,0,0,0,0,0,0,0,0,0,0,0,0,0}:
{0,97,0,0,0,0,0,0,1.02319e-05,0.0015608,0.02141,0.0707204,0.13539,0.171779,0.173791,0.149742,0.119702,0.0916596,0.0671715,0.0501415,0.0339358,0.0267177,0.0183612,0.0122107,0.0101456,0.00652569,0.00501181,0.00335815,0.00216032,0.00175223,0.00140216,0.00125293,0.000984786,0.000680755,0.000675807,0.00016673,0.000322116,8.68586e-05,0.000285238,0.000204667,0.000115085,0.000196399,3.99817e-05,4.2845e-05,4.67784e-05,0.000101408,2.83191e-06,0,0,6.54133e-05,0,0,0,0,0,0,0,0,0,0,0,0,0,0,0,0,0.000114197,0,0,0,0,0,0,0,0,0,0,0,0,0,0,0,0,0,0,1.17355e-06,0,0,0,0,0,0,0,0,0,0,0,0,0,0}:
{0,97,0,0,0,0,0,0,0,6.86413e-06,0.00161919,0.021875,0.0701925,0.122007,0.161414,0.160428,0.1482,0.116287,0.0916495,0.0648884,0.0510979,0.0343522,0.0246594,0.0190788,0.013584,0.00982571,0.00658563,0.00555072,0.00356488,0.00280177,0.00239175,0.00110416,0.000986739,0.0006565,0.000810044,0.000407772,0.000244797,0.000289813,0.00047791,0.000135147,1.77819e-06,0.00012124,0.000131211,0.000140607,1.6098e-06,0,0.000179481,0,0.000261221,0,0,3.75338e-06,3.81929e-06,0,0,0,0,0,0,0,0,0,0,0,0,0,0,0,0,0,0,0,0,0,0,0,0,0,0,0,0,0,0,0,6.94558e-05,0,0,0,0,0,0,0,0,0,0,0,0,0,0,0}:
{0,97,0,0,0,0,0,0,0,0,0.000931005,0.00411768,0.0214677,0.0666947,0.118798,0.149812,0.15588,0.141883,0.112937,0.091108,0.0704578,0.0484232,0.038302,0.0273435,0.0207828,0.0154127,0.0103799,0.00652429,0.00564334,0.00391152,0.00327391,0.00235925,0.00167333,0.00151883,0.00094648,0.000888033,0.000508507,0.000370125,0.000316723,0.000339255,0.00037035,0.00012124,0.000119945,1.47444e-06,1.6098e-06,0,0.000231741,0,6.10078e-05,0.000216922,2.31453e-06,0,0,2.67984e-06,0,0,8.60215e-05,0,0,0.000100735,0,3.57176e-06,1.07743e-05,0,0,0,0,0,0,0,0,0,0,0,0,0,0,4.70376e-06,0,0,0,0,0,0,0,0,0,0,0,0,0,0,0,0,0,0,0,0,0,0}:
{0,97,0,0,0,0,0,0,0,0,0,0.000504307,0.00488797,0.0246025,0.0576249,0.110094,0.138127,0.15198,0.142787,0.114817,0.0905064,0.0683871,0.0510361,0.0387492,0.0309983,0.0216361,0.0140954,0.0101252,0.00651701,0.00641762,0.00479307,0.00263231,0.00290949,0.00197778,0.0013411,0.000857167,0.000991698,0.000637247,0.000573508,0.000308632,0.000598134,0.000400665,3.99817e-05,4.48362e-06,3.2196e-06,0.000332799,2.83191e-06,0,0,0.000429342,6.72567e-05,0.000307147,7.29935e-05,0,0,0.00027289,0,0,0,0,0,0,0,0,0.000109367,0,0,0,0,0,0,0,0,0,0,0,0,0,0.000131773,0,0,0,0,6.55517e-07,0,0,0,0,0,0,0,0,0,0,0,0,0,0,0,0}:
{0,97,0,0,0,0,0,0,0,0,0,0,0.000728878,0.00499368,0.0241626,0.0618157,0.107234,0.138488,0.142913,0.130632,0.117197,0.0945884,0.0716062,0.0555739,0.0391709,0.0308456,0.0217286,0.0163939,0.0120283,0.00900923,0.00593246,0.00388261,0.0035341,0.00182825,0.00232983,0.00106739,0.0009598,0.00105058,0.000384282,0.000372628,0.000403725,0.000410278,0.0003971,0.000142082,6.50504e-06,5.30607e-06,0,5.72689e-05,0.000261221,0.000214671,0,0.000479517,0,0,0,0,0,0,0,0,0,0,0,0,0,3.89818e-06,0,0,0,6.30631e-06,0,0,0,0,0,6.66953e-06,0,0,0,0,0,0,0,0,0,0,0,0,0,0,1.26418e-06,0,2.34265e-07,0,0,0,0,0,0,0}:
{0,97,0,0,0,0,0,0,0,0,0,0,3.19624e-06,0.000761959,0.00913981,0.0250006,0.0588558,0.101431,0.134148,0.137658,0.132621,0.114909,0.0938028,0.0731002,0.0540106,0.0426001,0.0315252,0.0238528,0.0180139,0.0130094,0.00962528,0.00670028,0.0047306,0.0041184,0.00280555,0.00248226,0.00144564,0.00110446,0.00123593,0.000650592,0.000183054,0.000484962,0.000173284,0.000230013,9.60044e-05,0.000435952,2.83191e-06,5.72689e-05,2.09948e-06,6.76643e-05,6.72567e-05,7.54871e-05,0,7.78722e-05,0,0,0,0,9.42881e-05,0,0,0,0,0,0,0,0,0,0,0,0,0.000401623,0,0,0,0,0,0,0,0,0,0,0,0,0,0,0,0,0,0,0,0,6.80739e-06,0,0,0,0,0,0,0}:
{0,97,0,0,0,0,0,0,0,0,0,0,0,0.000331345,0.00103769,0.00773501,0.0283299,0.0540977,0.0930625,0.131437,0.136642,0.128233,0.113328,0.096965,0.0730106,0.0564358,0.0448121,0.0318386,0.0258969,0.0177753,0.0130122,0.0101372,0.00727224,0.00631553,0.00481132,0.00329439,0.00229597,0.00222235,0.00161917,0.000885926,0.00125834,0.000523839,0.000779466,0.000368379,5.24456e-05,0.000109368,0.000285864,0.000117534,0.000200213,6.54133e-05,2.31453e-06,6.22197e-06,7.29935e-05,0,0,0,0,0,0,9.57265e-05,0,0,0,0,0,5.92699e-06,0,0,0,0,0,0,0,0,0,0.000127467,0,0,0,0,0,0,5.99218e-07,0,0,0,0,0,0,0,0,0,0,0,0,0,0,0,0,0}:
{0,97,0,0,0,0,0,0,0,0,0,0,0,0.000328724,0.000284116,0.0023806,0.00964103,0.0263288,0.0561705,0.0972001,0.120428,0.134093,0.128635,0.112854,0.0970069,0.0763525,0.0568216,0.0427967,0.0346518,0.0232692,0.0197779,0.0140534,0.0120201,0.00875362,0.00491201,0.00457245,0.00363685,0.00273652,0.00199908,0.000614959,0.00130663,0.000726037,0.000434128,0.000327776,0.000210019,0.000217104,0.000115772,5.72689e-05,0.000204412,0.000218094,0.000220721,8.69057e-06,2.51195e-06,0,0,0,0.000282303,4.56962e-06,0,3.29427e-06,0.000338923,0,0,3.63603e-06,0,0,0,3.90275e-06,0,0,0,0,0,0,0,0,0,0,0,0,0,0,0,0,1.10739e-06,0,0,0,0,0,0,0,0,0,0,0,0,0,0,0}:
{0,97,0,0,0,0,0,0,0,0,0,0,0,0,0,0.000159366,0.0026598,0.0111498,0.0288583,0.0565559,0.0909968,0.111173,0.128628,0.11971,0.110504,0.0954804,0.0786626,0.0611966,0.0431832,0.0349705,0.0263622,0.0211199,0.014008,0.0119237,0.00934102,0.00633224,0.00408046,0.00274655,0.00272199,0.00173781,0.00155166,0.00168621,0.00122572,0.000374337,0.000746113,0.000272206,0.000292421,0.000554631,6.62994e-05,0.000133078,6.72567e-05,9.97535e-06,2.51195e-06,8.0552e-05,0,0,0,0.000303323,0,0,0,0.00010379,0,0,0,0,0,5.93394e-06,4.1219e-06,0,0,0,0,0,0,0,0,0,0,0,0,0,9.11081e-07,1.31103e-06,0,0,0,0,0,0.000115561,0,0,0,0,0,0,0,0,0,0}:
{0,97,0,0,0,0,0,0,0,0,0,0,0,0,0,0.000122443,0.00025465,0.00297139,0.0117657,0.0263251,0.0541522,0.0872616,0.115991,0.125148,0.123794,0.105723,0.0929942,0.0748933,0.0573907,0.0480273,0.0344254,0.0277494,0.0204,0.0152779,0.0117703,0.00803594,0.00582316,0.00504982,0.00374444,0.00204796,0.00223732,0.00206474,0.00121437,0.00140963,0.000667948,0.000829159,0.000285864,0.000177719,0.000714956,0.000220345,0.000358753,0.000382634,0,0.00033343,8.29615e-05,0,8.60215e-05,0,3.24477e-06,9.57265e-05,0.00010532,5.43069e-06,0,0,3.76366e-06,0,0,0,0,0,0,0,0,0,0,0,0,0,0,0,0,0.000133549,1.74124e-05,0,0,0,0,0,0,0,0,0,0,6.9407e-07,0,0,0,0,0,0}:
{0,97,0,0,0,0,0,0,0,0,0,0,0,0,0,3.69229e-05,3.34368e-05,0.000721592,0.00342032,0.0100406,0.0264904,0.0573973,0.0841979,0.107804,0.122276,0.121994,0.104052,0.0945214,0.0766394,0.0568521,0.0472233,0.0355508,0.0289221,0.0195957,0.0172049,0.0115001,0.00840185,0.00674186,0.00539107,0.00356686,0.00407558,0.00289923,0.00274539,0.00155402,0.000560439,0.000499013,0.000883201,0.00038385,0.00071185,0.000223767,0.000732938,7.17338e-05,0.000156137,0,0.000171633,8.7018e-06,0,8.73336e-05,0.000406964,3.29427e-06,0,0,0.000337885,0.000105658,3.76366e-06,3.89818e-06,0.000380742,0,4.1219e-06,0,0,0,0,0,0,0,0,0,0,0,6.95979e-06,0.000438277,0,0,2.11642e-05,0,1.32558e-06,0,0,0,0,0,2.34265e-07,0,0,0,0,0,0,0}:
{0,97,0,0,0,0,0,0,0,0,0,0,0,0,0,0,3.51863e-05,0.000128047,0.000880702,0.00422204,0.0116045,0.0283382,0.0537565,0.0847101,0.106545,0.114988,0.119202,0.108176,0.0907525,0.0748926,0.0617465,0.0464311,0.0380216,0.0270872,0.0232249,0.0179116,0.0104623,0.00749835,0.00640358,0.00579293,0.00368591,0.00281268,0.00225614,0.00193284,0.00148398,0.00136561,0.00129256,0.000436152,0.000406811,0.000920436,0.000293811,0.000933885,0.000385534,0.000511116,0.000359563,0.000275752,4.50097e-06,0.000286609,4.93351e-06,0,3.4442e-06,0.000346046,5.38717e-06,0,0,0,0,0.000117311,0.000130165,0,0,0,0,0,0,0,0,0,0,0,0,0,1.5103e-06,0,0,0,0,0,0,0,0,0,0,0,0,0,0,0,0,0}:
{0,97,0,0,0,0,0,0,0,0,0,0,0,0,0,0,1.74954e-06,9.91709e-05,9.05555e-05,0.00126581,0.0039282,0.0133521,0.029299,0.0538163,0.0803812,0.102356,0.111826,0.116315,0.110729,0.0902751,0.0770189,0.0633431,0.048107,0.0360085,0.0304313,0.0240007,0.0162526,0.0123206,0.00993258,0.00723595,0.00438728,0.00460962,0.00281457,0.00306589,0.00248884,0.00147414,0.00100359,0.0012571,0.00106207,0.000859525,0.000227759,0.000241635,0.00031636,0.00033611,0.000446865,7.21249e-06,8.60215e-05,0,9.92216e-05,0,0.000100083,0.000340615,0.000337885,0,0,0,0,5.93394e-06,0,0,4.18903e-06,0,0,0,0,4.38655e-06,0,0,0,0,0,0,0,6.25122e-05,0,0,0,0,0,0,0,1.3859e-06,0,0,0,0,0,0,0,0}:
{0,97,0,0,0,0,0,0,0,0,0,0,0,0,0,0,0,0,8.51609e-05,0.000533483,0.00135965,0.00453342,0.0129714,0.0293739,0.0517693,0.0814962,0.10248,0.115689,0.115268,0.105616,0.0903384,0.0749819,0.0611491,0.0496908,0.0397282,0.0304789,0.0235314,0.0182798,0.0133073,0.0103454,0.00594049,0.00621106,0.00501144,0.00522967,0.00228898,0.00224464,0.00221731,0.00135755,0.000949326,0.00142903,0.000566357,0.000319591,0.000627594,0.000502684,9.16432e-05,0.000166307,9.50235e-05,3.00544e-06,9.75329e-05,3.29427e-06,0.000200167,0,0,0,0,0.000232478,0,0,0,0.000120525,6.36922e-06,4.21151e-06,0,0,0,0,0,0,0,0,0,0,0,0,1.10739e-06,7.36054e-05,0,0,1.05401e-06,0,0,0,0,0,0,0,0,0,0,0}:
{0,97,0,0,0,0,0,0,0,0,0,0,0,0,0,0,0,0,0,0.000177828,0.000409712,0.00227218,0.00508884,0.0147844,0.0287868,0.0526998,0.0813114,0.102168,0.111266,0.115369,0.103255,0.0907455,0.0778062,0.0647616,0.0470219,0.0390693,0.0312758,0.0210251,0.0152043,0.0126172,0.0116524,0.00995762,0.00577858,0.00475633,0.00321999,0.00287429,0.00165063,0.0022923,0.00165899,0.00195459,0.00189763,0.0010069,0.000774888,0.000825285,0.000720494,0.000442059,0.000177964,0.000553179,0.000502941,5.00877e-06,0,0,3.54314e-06,0.000109294,0,0,0,0.000372179,0,0,0,0,0,0,0,0,0,0,0,0,0,0,1.80116e-05,9.96681e-07,0,0,0,0,0,0,0,0,0,2.01686e-05,0,0,0,0,0,0}:
{0,97,0,0,0,0,0,0,0,0,0,0,0,0,0,0,0,0,8.51609e-05,7.71582e-05,7.37851e-05,0.000433167,0.00142261,0.0066713,0.0142268,0.0314669,0.0525271,0.0782686,0.0972583,0.10959,0.111512,0.102614,0.087928,0.0740272,0.0616515,0.0532139,0.0390203,0.0321069,0.0249534,0.0189882,0.0145392,0.0117271,0.00964447,0.00707592,0.00516929,0.0033733,0.00321345,0.00187786,0.00262918,0.00174109,0.00164147,0.00123856,0.00103856,0.000527415,0.000366758,8.31535e-05,0.000177964,0.000465845,0.000413587,9.57265e-05,0.000100083,0.000346046,0.000440844,0,3.76366e-06,0.000226551,0,0,4.1219e-06,4.14766e-06,4.18903e-06,0,0,6.50276e-06,0.000124731,0,0,0,0,0,0,0,5.71434e-05,3.87522e-05,1.10739e-06,2.36021e-05,0,0,0,0,3.67353e-05,0,0,0,0,0,0,0,0,0}:
{0,97,0,0,0,0,0,0,0,0,0,0,0,0,0,0,0,0,0,0,1.15795e-06,0.000137809,0.000628874,0.0021402,0.00555332,0.0144608,0.0313097,0.0476477,0.0750879,0.099046,0.104478,0.108842,0.102884,0.0851317,0.0767249,0.0640208,0.0501935,0.0415555,0.0314832,0.0259645,0.0176946,0.0152413,0.00968057,0.00824715,0.00539328,0.00339122,0.00448331,0.00455923,0.00164718,0.000938629,0.000646486,0.00128495,0.000335354,0.000825285,0.000890758,0.000806804,9.95244e-05,0,0.000812373,0.000505605,0.000103527,0.000109221,0.00011912,0.000346744,0.000222497,5.92699e-06,0.000124102,0.000113408,0.00024582,6.30631e-06,0,0.000408027,0,4.27686e-06,0,0,6.71453e-06,0.000136684,6.89484e-06,0,0,0.000133549,9.11081e-07,6.25122e-05,7.28329e-07,0,0,9.27234e-05,0,0,0,1.3859e-06,0,0,0,0,0,0,0,0}:
{0,97,0,0,0,0,0,0,0,0,0,0,0,0,0,0,0,0,0,0,0,0,8.65892e-05,0.000500587,0.0020754,0.0058295,0.0162039,0.0280122,0.0524451,0.0754371,0.0940545,0.106615,0.104819,0.0988424,0.0872274,0.0754679,0.0619661,0.0522113,0.0364103,0.0322259,0.0241382,0.0201737,0.0124868,0.0123247,0.00947898,0.00656446,0.00651941,0.0043971,0.00323589,0.00235724,0.0015986,0.00229195,0.000850025,0.000748304,0.000609816,0.00124451,0.00111243,0.00102804,0.000413587,8.30304e-06,0.000331894,0.000216583,0.000440844,0.000105658,0.000222497,3.89818e-06,0.000114197,5.93394e-06,4.1219e-06,4.14766e-06,1.05583e-05,0,0,4.27686e-06,0.000409339,0,0,0,0,0,0,0,0,0,0,0,8.71832e-07,0,0,0,0,0,0,0,0,0,0,0,0,0}:
{0,97,0,0,0,0,0,0,0,0,0,0,0,0,0,0,0,0,0,0,0,0,0,0.000123262,0.000509772,0.00252789,0.00684821,0.0149433,0.0286468,0.0478137,0.0707297,0.0916032,0.104325,0.104568,0.100772,0.0868792,0.0758154,0.0684585,0.0505603,0.0411049,0.0327316,0.0253199,0.022356,0.0140692,0.0118966,0.00932945,0.00685624,0.00507715,0.00318127,0.00472415,0.00362265,0.00327624,0.00197487,0.00160379,0.0016084,0.00082558,0.000361969,0.00010092,0.000195066,0.000297062,0.000505653,0.000218296,8.93031e-06,0.0003578,0.000118853,3.89818e-06,0.000234368,0.000491521,0,1.46016e-05,0,0.000405835,1.06441e-05,0,0,0,0,0,0,0,0,0,1.5103e-06,1.97039e-05,0,0,0,0,3.22306e-05,0,0,0,0,0,0,0,0,0,0,0}:
{0,97,0,0,0,0,0,0,0,0,0,0,0,0,0,0,0,0,0,0,0,0,6.50487e-05,1.62042e-06,0.000295507,0.000767983,0.00267511,0.0068411,0.0157783,0.0306563,0.0548478,0.0722105,0.0862438,0.1042,0.107505,0.0996581,0.0906298,0.0769503,0.0678019,0.0534292,0.0444592,0.0336103,0.0250924,0.0224044,0.0163929,0.0111854,0.00832134,0.00690899,0.00582705,0.00447492,0.00312368,0.00315641,0.00164548,0.00147796,0.00131425,0.00214932,0.000449531,0.00131008,0.000745864,1.15973e-05,0.000440658,0.000114652,0.000111889,0.000910331,0.000468282,0.000232478,0.000120172,5.93394e-06,0.000123898,6.30631e-06,0,4.21151e-06,0.000122717,0.000248559,0,0,0.000427852,0.000136684,0,4.42599e-06,0,0,5.99218e-07,6.55517e-07,0,0,0,0,0,0,0,0,0,0,0,0,0,0,0,0}:
{0,97,0,0,0,0,0,0,0,0,0,0,0,0,0,0,0,0,0,0,0,0,0,0,0.000118203,0.000299084,0.0010654,0.00308914,0.00838494,0.016911,0.0290039,0.0505234,0.0702741,0.0900804,0.0988277,0.0965585,0.105128,0.0899647,0.0742167,0.0644526,0.0508534,0.0424107,0.0312176,0.027941,0.0220982,0.0153075,0.0123402,0.00896483,0.00903973,0.00771265,0.00370643,0.00347241,0.00310029,0.00247028,0.0013535,0.00169813,0.00183977,0.000942271,0.000198443,0.000520497,0.000331894,0.000216583,0.00134224,3.63603e-06,0.000581412,0.000459029,5.97519e-06,0.000226816,1.25343e-05,4.14766e-06,0,0,0.000525445,0,0.00053407,0,0,0.000136684,0,6.7295e-06,0.000133014,0,5.99218e-07,6.25122e-05,2.11642e-05,0,0,0,0,1.2118e-06,1.26418e-06,0,0,0,0,0,0,0,0,0}:
{0,97,0,0,0,0,0,0,0,0,0,0,0,0,0,0,0,0,0,0,0,0,0,0,1.8009e-05,0.000114216,0.000623263,0.000875631,0.00278579,0.00776692,0.0181465,0.030496,0.0514768,0.0677827,0.0860516,0.100415,0.0997148,0.0962278,0.0891994,0.0784633,0.0608852,0.0538473,0.0448366,0.0348183,0.0253009,0.0202503,0.014433,0.0162365,0.0103889,0.00869132,0.004519,0.00420976,0.00412106,0.00318318,0.00217302,0.00205132,0.00204351,0.00150916,0.00109848,0.00102109,0.00110279,0.000227444,0.000646761,0.000331666,0.000122616,0.000602192,0.000118126,0,0.000405612,0.000120525,0.000405849,0,0.000402728,0,0,0,0,7.15184e-06,0,0,0,0,1.86108e-05,0.000144073,0,0,0,0,1.05401e-06,0,0,0,6.80739e-06,0,0,0,0,0,0,0}:
{0,97,0,0,0,0,0,0,0,0,0,0,0,0,0,0,0,0,0,0,0,0,0,0,0,0,5.65104e-05,7.41503e-05,0.000978277,0.00350568,0.00891086,0.0184565,0.0320558,0.0524027,0.0651554,0.0819301,0.0923626,0.100662,0.0987354,0.0900787,0.0769499,0.0605002,0.051515,0.0478731,0.0378411,0.0258237,0.0202834,0.0158757,0.0131523,0.00942017,0.00774423,0.00614015,0.00520848,0.00376391,0.00339871,0.00342542,0.00183187,0.00102159,0.00235391,0.000109038,0.000568577,0.00100875,0.000772967,0.000122094,2.09311e-05,0.0006259,0.000118126,0.000240556,6.26714e-06,0.000520207,0.000121727,0.000128784,4.2231e-06,1.07796e-05,6.52641e-06,0,4.41614e-06,0,4.53473e-06,0.000128613,0,0,9.11081e-07,6.55517e-07,1.10739e-06,0,1.32558e-06,1.47836e-06,3.0628e-05,0,1.92213e-06,0,0,0,0,0,0,0,0,0}:
{0,97,0,0,0,0,0,0,0,0,0,0,0,0,0,0,0,0,0,0,0,0,0,0,0,5.62119e-05,5.50553e-05,0.000110667,0.000434215,0.00130894,0.00263882,0.00851743,0.0193011,0.0344333,0.0515885,0.0646537,0.0872347,0.0946784,0.0923582,0.0955743,0.08968,0.0764774,0.0633379,0.0493463,0.0398268,0.0327942,0.0255166,0.0241264,0.0151211,0.0138733,0.0127436,0.00639397,0.0061854,0.00573865,0.00628925,0.00357128,0.0022499,0.00281298,0.00112146,0.000817694,0.000717945,0.000702807,0.000321349,0.000467094,0.00125101,0.000508567,0.000498868,0.000127148,0.000512854,0.000422749,0.000525396,6.40339e-06,6.42101e-06,0.000538638,0,0.000131853,0,0,0.000439342,0,0,0,3.57359e-05,0,1.45666e-06,9.68058e-05,1.32558e-06,1.47836e-06,0,0,0,0,2.25745e-05,0,0,0,0,0,0,0}:
{0,97,0,0,0,0,0,0,0,0,0,0,0,0,0,0,0,0,0,0,0,0,0,0,0,0,0,0.000181908,0.000235868,0.00029566,0.00153153,0.00347141,0.00905653,0.0179614,0.029811,0.0533803,0.0682962,0.0787911,0.0977834,0.0944697,0.0984689,0.0882874,0.0755622,0.0654313,0.0559267,0.0442888,0.0370993,0.0256672,0.0175474,0.0195798,0.013175,0.0132012,0.00904657,0.00659825,0.00482036,0.00348645,0.00350409,0.00281279,0.00103176,0.00230569,0.0020227,0.00126149,0.000236251,0.00103985,0.000949813,0.000840597,0.000729306,0.000372179,0.000615537,0.000120525,0.000128096,0,4.2231e-06,0,0,6.66953e-06,0,0.000278072,0.00027044,0,0.000436521,4.59587e-06,0.000150622,4.98341e-06,0,1.17355e-06,0,0,0,0,0,0,0,0,0,0,0,0,0,0}:
{0,97,0,0,0,0,0,0,0,0,0,0,0,0,0,0,0,0,0,0,0,0,0,0,0,0,0,0,5.47931e-05,0.000184523,0.000653796,0.00157703,0.00415195,0.0108577,0.0177891,0.0325889,0.0466607,0.0667585,0.080344,0.0905576,0.0963462,0.0917949,0.0907685,0.0703833,0.0683136,0.0573693,0.0387563,0.0368144,0.0299854,0.0224072,0.0198797,0.0130748,0.0121609,0.00679084,0.00926566,0.00545103,0.00282023,0.00231288,0.00309104,0.0025543,0.00120582,0.00197039,0.00203587,0.000501859,0.00092472,0.00062777,0.000386717,0.000367863,0.000512854,0.00024105,0.000503836,0.00012238,0,0.000132833,0,0.000127467,8.83229e-06,0.000457973,0.000439342,0.000257226,0,0,7.54669e-05,0,2.26208e-05,7.71842e-07,1.32558e-06,1.47836e-06,0,0,0,0,0,0,0,0,0,0,0,0}:
{0,97,0,0,0,0,0,0,0,0,0,0,0,0,0,0,0,0,0,0,0,0,0,0,0,0,0,0,0,8.85969e-07,0.00023139,0.00041476,0.00191708,0.00506796,0.010709,0.0202754,0.0344684,0.0444765,0.0642635,0.0750748,0.0892119,0.0906238,0.0944901,0.0863083,0.0739009,0.0568765,0.0540409,0.0424073,0.0337099,0.0284095,0.0256933,0.019711,0.0149755,0.0104102,0.00789431,0.00555463,0.00618781,0.00430511,0.00217823,0.00289529,0.0025582,0.000454888,0.0014649,0.000882067,0.000463966,0.000623872,0.000949679,0.00135319,0.000735314,0.000382482,0.000533774,0.000259587,1.2842e-05,0.000946494,0.000131258,0.000418316,0.000141756,0,6.89484e-06,0.000128613,0,0,1.89227e-05,8.15606e-05,0,2.24286e-05,8.71832e-07,0,0,0,0,0,0,0,0,0,0,0,0,0}:
{0,97,0,0,0,0,0,0,0,0,0,0,0,0,0,0,0,0,0,0,0,0,0,0,0,0,0,0,0,5.82702e-07,1.81612e-05,0.000158568,0.00111529,0.00215764,0.00492035,0.010318,0.0187133,0.0321523,0.0513195,0.0695895,0.0753189,0.0887009,0.0908857,0.0904794,0.0855974,0.0783793,0.0639107,0.0512013,0.0411053,0.0370568,0.0289791,0.026608,0.0191096,0.0160356,0.0102363,0.0103698,0.00746863,0.00594337,0.00412443,0.00280945,0.00274252,0.00289536,0.00274188,0.00169803,0.000828603,0.00218831,0.00180948,0.000867602,0.000382083,0.000372029,0.000247643,0.000401623,0.000406951,0.000656414,0.000124731,0.000127467,0.00042997,0.000897132,0,0.000135342,0,0,0.000113025,2.13561e-05,4.23283e-05,2.71723e-06,0,9.72318e-07,1.05401e-06,0,0,0,2.34265e-07,0,0,0,0,0,0,0}:
{0,97,0,0,0,0,0,0,0,0,0,0,0,0,0,0,0,0,0,0,0,0,0,0,0,0,0,0,0,0,6.04194e-07,0.000178317,0.000268277,0.000725793,0.0018147,0.00479622,0.0102482,0.0188297,0.0322141,0.0491011,0.064071,0.0777572,0.085976,0.0912097,0.0906127,0.0814052,0.0730307,0.0633457,0.0549163,0.0447645,0.0347151,0.0305031,0.0242225,0.0157034,0.0152556,0.0134147,0.00904602,0.00735849,0.00639305,0.00378517,0.00328492,0.00334319,0.00140489,0.00184762,0.00175372,0.00122793,0.00184328,0.000724271,0.000516539,0.000644879,0.000407858,0.000555848,0.000251855,0.000407856,0.000430977,0.000563508,0.000132743,1.90074e-05,0,0.000428807,6.95979e-06,0.000578814,1.5103e-06,3.97489e-05,1.83572e-06,2.4374e-05,8.31407e-05,2.82541e-05,0,3.52131e-05,0,0,3.56188e-07,0,0,0,0,0,0,0}:
{0,97,0,0,0,0,0,0,0,0,0,0,0,0,0,0,0,0,0,0,0,0,0,0,0,0,0,0,0,5.55683e-05,0,0,6.27429e-05,0.000167857,0.000945433,0.00252105,0.00399447,0.0117644,0.0224447,0.0301059,0.0501671,0.0625252,0.0782036,0.0885779,0.0871041,0.0923741,0.0865225,0.0737521,0.0689558,0.0525178,0.046874,0.0351423,0.0336991,0.0246722,0.0174176,0.0112982,0.0112039,0.00786715,0.00784239,0.0067377,0.0048508,0.00361221,0.00464763,0.00193117,0.00229835,0.00192391,0.000482572,0.00110629,0.000258354,0.00105303,0.00130062,0.000628919,0.000426214,0.000381392,0.00042445,8.7731e-06,0.000137159,0.000143836,0.000432447,6.7295e-06,0.000139974,0.000133549,2.25425e-05,0,6.45998e-05,7.36054e-05,0,9.72318e-07,0,3.52131e-05,0,0,1.18091e-06,2.01686e-05,0,0,0,0,0,0}:
{0,97,0,0,0,0,0,0,0,0,0,0,0,0,0,0,0,0,0,0,0,0,0,0,0,0,0,0,0,0,0,5.9439e-05,0.000124835,0.000194816,0.00055189,0.00144135,0.00275424,0.00668234,0.011786,0.0198954,0.0323544,0.0463091,0.0646435,0.0749504,0.0826412,0.0881169,0.094182,0.0739213,0.0734627,0.0653282,0.051475,0.0440548,0.0366396,0.0309651,0.0241293,0.0170142,0.0124986,0.0106104,0.00938629,0.00695371,0.00611904,0.00668242,0.00513741,0.00296684,0.00389473,0.00339982,0.00159434,0.00088264,0.000661821,0.000276559,0.00104616,0.000162648,0.000673674,0.000381392,1.30528e-05,0.000545782,0.00014847,0.00058525,0.000136307,0.000701614,0.000835563,0,6.07632e-05,8.22161e-05,1.10739e-06,7.71842e-07,8.31407e-05,0,1.60257e-06,0,0,0,0,0,0,0,0,0,0,0}:
{0,97,0,0,0,0,0,0,0,0,0,0,0,0,0,0,0,0,0,0,0,0,0,0,0,0,0,0,0,0,0,5.9439e-05,6.20918e-05,6.38143e-05,7.07924e-07,0.000145934,0.00108788,0.00270621,0.00535183,0.0114887,0.0194871,0.034957,0.0462696,0.0623398,0.0753787,0.0833772,0.0848405,0.091855,0.079061,0.0725323,0.0653357,0.0525481,0.0477196,0.0408878,0.0329963,0.0218137,0.0212311,0.0147294,0.0108736,0.00930303,0.00776643,0.00770785,0.00427667,0.00297063,0.00295064,0.00256499,0.00384284,0.00158146,0.0015589,0.00132129,0.000903316,0.000150013,0.00014198,0.000662917,0.000676147,0.000261603,0.000565011,0.00014854,0.000131773,0.000133039,0.000139974,0.000271694,0.000131923,3.95991e-06,6.94558e-05,0,8.31407e-05,1.47836e-06,0,1.84248e-06,0,0,0,0,0,0,0,0,0,0}:
{0,97,0,0,0,0,0,0,0,0,0,0,0,0,0,0,0,0,0,0,0,0,0,0,0,0,0,0,0,0,0,0,0,0,0,0.000167123,0.000615861,0.00113045,0.00310534,0.00573552,0.0119795,0.0201841,0.0338368,0.0448149,0.0675758,0.0803781,0.0868792,0.086887,0.0901673,0.0829783,0.0732292,0.0632991,0.0543089,0.0487539,0.0306753,0.0303669,0.0252877,0.0223165,0.0161357,0.00917243,0.00987589,0.00971924,0.00738516,0.00446317,0.00512842,0.00177425,0.00213478,0.00381209,0.00406452,0.00219677,0.000811255,0.000418023,0.00127459,0.000667194,0.000279861,0.00148941,0.00111889,0.000136684,0,0.000430929,0,0.000149729,0.00011511,4.10868e-05,7.01841e-05,1.54368e-06,0,0,0,0,0,1.3859e-06,6.80739e-06,0,0,0,0,0,0,0}:
{0,97,0,0,0,0,0,0,0,0,0,0,0,0,0,0,0,0,0,0,0,0,0,0,0,0,0,0,0,0,0,0,0,0,0,7.5517e-07,0.000323396,0.00103714,0.00127861,0.00414823,0.00713713,0.0114896,0.0212483,0.0336118,0.0419172,0.0628059,0.0724759,0.089826,0.089712,0.0828967,0.0829957,0.0677362,0.0589313,0.0564032,0.047713,0.0400491,0.0316035,0.0253311,0.0190169,0.0159674,0.0123457,0.0103294,0.00823968,0.00508499,0.00594332,0.00336945,0.00430586,0.00194688,0.000936662,0.00242908,0.00194511,0.00224805,0.000983765,0.00121661,0.000395832,0.000932569,0.000990565,0.000273369,0.000582544,0.000428807,1.15372e-05,0.000267099,0.000112362,8.42095e-05,2.33491e-05,7.71842e-07,2.66597e-05,2.45068e-06,0,0,0,0,7.12377e-07,0,0,0,0,0,0,0}:
{0,97,0,0,0,0,0,0,0,0,0,0,0,0,0,0,0,0,0,0,0,0,0,0,0,0,0,0,0,0,0,0,0,0,0,7.20154e-05,8.1599e-05,0.000116095,0.000418385,0.00125084,0.00297147,0.00702258,0.0128,0.0206638,0.0329647,0.049715,0.0642825,0.0769374,0.076608,0.0815434,0.0865784,0.0782788,0.0752564,0.0630431,0.0554986,0.0510005,0.0348605,0.0320147,0.0257299,0.0269233,0.0183939,0.0142786,0.0112364,0.00802556,0.00798444,0.00496321,0.00449758,0.00206606,0.00442747,0.00172684,0.00195567,0.0011031,0.000180506,0.000823812,0.00065182,0.000283715,0.00078109,0.000868026,2.52193e-05,0.000266078,0.000266028,0.000442873,0.000167946,2.10417e-05,3.29237e-06,2.3471e-06,2.66597e-05,0,0,0,0,0,9.46642e-07,0,0,0,0,0,0,0}:
{0,97,0,0,0,0,0,0,0,0,0,0,0,0,0,0,0,0,0,0,0,0,0,0,0,0,0,0,0,0,0,0,0,0,0,0,1.28058e-06,8.77695e-05,2.99691e-05,0.000523558,0.00155882,0.00451788,0.00611391,0.0117283,0.0217905,0.0342008,0.0484971,0.0619139,0.068872,0.0785632,0.0835437,0.0878354,0.0826654,0.0721661,0.0561461,0.0495623,0.0437817,0.0361076,0.0287091,0.0215796,0.0249446,0.0155689,0.0139377,0.0118674,0.00917502,0.00671327,0.00376932,0.00465497,0.0028002,0.00309072,0.00356197,0.000918331,0.00199753,0.00118587,0.00308147,0.00124781,0.00100629,0.000604258,0.000455121,0.000408149,0.000137591,0.000571827,0.000133745,0.000104883,2.18925e-05,2.3471e-06,8.71832e-07,9.27234e-05,0,3.64249e-05,1.92213e-06,0,2.34265e-07,0,0,0,0,0,0,0}:
{0,97,0,0,0,0,0,0,0,0,0,0,0,0,0,0,0,0,0,0,0,0,0,0,0,0,0,0,0,0,0,0,0,0,0,0,0,0.000173717,0.000190159,0.00034415,0.000856346,0.00168409,0.00334491,0.00670812,0.0128804,0.0220173,0.0306408,0.0435572,0.060226,0.068911,0.0741165,0.0813721,0.0771207,0.0759062,0.0737838,0.0605849,0.0563679,0.0444427,0.0421467,0.029919,0.0275082,0.0197153,0.0191424,0.0123545,0.0102415,0.00839453,0.00792792,0.00810545,0.00235287,0.00313911,0.00241867,0.00309129,0.00104138,0.00122089,0.0018708,0.000954681,0.000720196,0.000748094,0.000977862,0.00015535,1.15372e-05,0.000297254,0.000207702,0.000143689,1.83572e-06,7.51491e-05,0,0,0,0,0,0,0,0,0,0,0,0,0,0}:
{0,97,0,0,0,0,0,0,0,0,0,0,0,0,0,0,0,0,0,0,0,0,0,0,0,0,0,0,0,0,0,0,0,0,0,0,0,0,0,0.000204667,1.77819e-06,0.00072858,0.0011827,0.00462577,0.00912189,0.0147468,0.0236401,0.0349895,0.0475169,0.0634051,0.0692012,0.0810074,0.0830197,0.0860036,0.0810413,0.0724123,0.067451,0.0612051,0.0505248,0.0403211,0.032122,0.0269521,0.0211254,0.018641,0.0127997,0.0107933,0.00923622,0.00809869,0.00642332,0.0054564,0.0020664,0.00321165,0.00200633,0.00241354,0.00202826,0.00205941,0.00210964,0.00177407,0.000725561,0.000710466,0.000998611,0.00115064,0.000206415,8.68584e-05,7.42346e-05,9.87512e-05,0,0,3.0628e-05,1.84248e-06,0,4.02723e-05,6.80739e-06,0,0,0,0,0,0,0}:
{0,97,0,0,0,0,0,0,0,0,0,0,0,0,0,0,0,0,0,0,0,0,0,0,0,0,0,0,0,0,0,0,0,0,0,0,0,0,2.8972e-05,3.11824e-05,1.77819e-06,0.000526381,0.000653155,0.00192765,0.00524326,0.00843691,0.0137049,0.0201266,0.0392929,0.0447334,0.0596483,0.0753897,0.0747823,0.0808711,0.0814908,0.0752859,0.0737621,0.0610681,0.0559465,0.0504704,0.0362073,0.0337742,0.0278344,0.020498,0.0189552,0.0140584,0.0150171,0.00694744,0.00870055,0.00564404,0.00439434,0.00444617,0.00252895,0.00123299,0.00219914,0.00207046,0.00142219,0.000922601,0.000425072,0.000410272,0.000728005,0.000278682,0.000286374,6.84655e-05,5.00502e-05,2.36021e-05,2.19741e-06,1.47836e-06,2.65658e-06,1.2118e-06,0,0,7.04166e-06,1.0553e-06,0,0,0,0,0,0}:
{0,97,0,0,0,0,0,0,0,0,0,0,0,0,0,0,0,0,0,0,0,0,0,0,0,0,0,0,0,0,0,0,0,0,0,0,0,0,0,0.000102333,0,3.69437e-05,3.99817e-05,0.000945026,0.00207752,0.00371406,0.00963435,0.0146675,0.0246626,0.0330872,0.0433905,0.0610136,0.0666436,0.0717447,0.0801487,0.088682,0.0823422,0.0720127,0.06022,0.0545712,0.0409438,0.0359214,0.0391401,0.0293324,0.0179901,0.0200159,0.0164036,0.0124278,0.00830281,0.00647321,0.00589781,0.00549609,0.0043121,0.00373464,0.00206742,0.00209275,0.00287288,0.0014862,0.00151856,0.000782832,0.000419921,0.000576423,0.000447783,6.51611e-05,9.28049e-05,9.72075e-05,8.71832e-07,0,0,3.52131e-05,0,0,0,0,0,0,0,0,0,0}:
{0,97,0,0,0,0,0,0,0,0,0,0,0,0,0,0,0,0,0,0,0,0,0,0,0,0,0,0,0,0,0,0,0,0,0,0,0,0,0,0,3.39845e-05,0.00012124,0.000135395,0.000878132,0.000813349,0.00116708,0.00329962,0.00878025,0.0120597,0.0261235,0.0361047,0.0432839,0.0580119,0.0654225,0.0765645,0.0816723,0.0746061,0.075648,0.0689527,0.0612066,0.0638643,0.0473473,0.0404148,0.0352011,0.028829,0.0212486,0.0190062,0.0141052,0.0082093,0.00807538,0.00577312,0.00582762,0.00544639,0.0058475,0.00531969,0.00188433,0.00101466,0.00193435,0.00228427,0.00153396,0.00126006,0.000421611,0.000453249,8.31166e-05,2.33789e-05,0.000120408,5.06683e-05,9.72318e-07,3.20514e-06,1.2118e-06,0,0,1.3971e-05,0,0,0,0,0,0,0}:
{0,97,0,0,0,0,0,0,0,0,0,0,0,0,0,0,0,0,0,0,0,0,0,0,0,0,0,0,0,0,0,0,0,0,0,0,0,0,0,0,0,1.93303e-06,0.000302403,0.000228539,0.000818415,0.000988323,0.0017207,0.003556,0.00940259,0.0174792,0.0254642,0.0324944,0.0497933,0.0618481,0.074882,0.0787688,0.0820784,0.0815376,0.0752855,0.0693293,0.0686813,0.0527373,0.0423111,0.0379886,0.0334621,0.0323116,0.0244798,0.0159943,0.0134926,0.01527,0.0105058,0.00833587,0.00711155,0.00573988,0.0027576,0.00314986,0.00261971,0.00298453,0.00230684,0.00179598,0.00218908,0.00125575,0.00045833,0.000162684,2.22715e-05,4.69419e-06,2.53341e-05,5.74806e-05,0.000100514,1.2118e-06,0,4.02723e-05,7.27592e-06,0,0,0,0,0,0,0}:
{0,97,0,0,0,0,0,0,0,0,0,0,0,0,0,0,0,0,0,0,0,0,0,0,0,0,0,0,0,0,0,0,0,0,0,0,0,0,0,0,0,0,0.000131211,0.000183452,4.67784e-05,0.000207215,0.00170937,0.00261662,0.00641747,0.00747204,0.016173,0.0234395,0.0342299,0.0456692,0.0565958,0.0638505,0.0737483,0.0760778,0.0812283,0.0764687,0.0647554,0.0624783,0.0575893,0.0454884,0.0367704,0.0285066,0.0254196,0.0255559,0.0147035,0.0185391,0.00921912,0.00797609,0.00653676,0.00493752,0.00371193,0.00401784,0.00347735,0.00201401,0.00226329,0.00252019,0.00185944,0.000751711,0.000751983,0.000289004,0.000174092,5.03276e-06,7.86536e-05,9.72318e-07,1.05401e-06,0,3.18631e-06,0,5.90453e-07,0,0,0,0,0,0,0}:
{0,97,0,0,0,0,0,0,0,0,0,0,0,0,0,0,0,0,0,0,0,0,0,0,0,0,0,0,0,0,0,0,0,0,0,0,0,0,0,0,0,0,0,0,0,5.24491e-05,0.000468949,0.00116756,0.00232484,0.0048674,0.00759304,0.0188358,0.0249273,0.0315254,0.0438277,0.0585604,0.0690752,0.074557,0.0790897,0.0732821,0.0771948,0.0715322,0.0665685,0.05845,0.047769,0.0423627,0.0331603,0.0305951,0.0218265,0.0206477,0.01491,0.0118598,0.0109311,0.00711088,0.00583666,0.00533663,0.00577474,0.00282991,0.00215135,0.0020097,0.00162125,0.00195126,0.000689286,0.00014896,9.75838e-05,0.000101098,0.000167153,0,1.60257e-06,3.64249e-05,0,0,0,0,0,0,0,0,0,0}:
{0,97,0,0,0,0,0,0,0,0,0,0,0,0,0,0,0,0,0,0,0,0,0,0,0,0,0,0,0,0,0,0,0,0,0,0,0,0,0,0,0,0,3.99817e-05,0.000281214,0,0.000166399,8.49573e-06,0.00042096,0.00120316,0.00262598,0.00719707,0.00652634,0.0158687,0.0227647,0.0341169,0.0438063,0.0565476,0.0708024,0.06985,0.0835365,0.0686573,0.0730685,0.0666647,0.0639299,0.0519918,0.0469467,0.0363617,0.031753,0.0267437,0.0261454,0.0197394,0.0174991,0.0155151,0.0120433,0.0100579,0.00492035,0.0065908,0.00419825,0.00483633,0.00183552,0.00347032,0.00251592,0.00112392,0.000342407,7.08353e-05,7.67243e-05,0.000108475,0,0,2.4236e-06,1.26418e-06,0,2.34265e-07,0,0,0,0,0,0,0}:
{0,97,0,0,0,0,0,0,0,0,0,0,0,0,0,0,0,0,0,0,0,0,0,0,0,0,0,0,0,0,0,0,0,0,0,0,0,0,0,0,0,0,0,0,0,1.7449e-06,0.000179481,0.000193936,0.00121405,0.000842173,0.00180775,0.00355175,0.00911046,0.0167789,0.0237646,0.0338315,0.0435934,0.0591383,0.0650663,0.073316,0.0731367,0.0783225,0.0750436,0.0712802,0.0646754,0.0546908,0.0488071,0.0415859,0.0300253,0.0220008,0.0266202,0.0195283,0.0173388,0.011512,0.0106199,0.00837575,0.00799751,0.00461633,0.00570056,0.00316674,0.00358654,0.00211037,0.00175109,0.000458462,9.28049e-05,3.08737e-06,3.06924e-06,3.16771e-05,3.0628e-05,3.64249e-05,0,0,7.75404e-06,0,0,0,0,0,0,0}:
{0,97,0,0,0,0,0,0,0,0,0,0,0,0,0,0,0,0,0,0,0,0,0,0,0,0,0,0,0,0,0,0,0,0,0,0,0,0,0,0,0,0,0,0,0,0.000166399,1.86255e-06,0.000187943,0.000326428,0.00050268,0.00182087,0.00291751,0.00527414,0.0115665,0.0169468,0.0255022,0.0326944,0.040762,0.060575,0.0610538,0.0743045,0.0760221,0.0722685,0.0714625,0.0571617,0.0649111,0.0582273,0.0470065,0.0436607,0.0383042,0.028908,0.0275212,0.0194675,0.0142824,0.00937841,0.0116932,0.0101214,0.00726245,0.00450476,0.00654501,0.00585943,0.00189507,0.0012669,0.000288636,0.000230562,3.89078e-06,2.19741e-06,9.72318e-07,3.0628e-05,1.84248e-06,3.18631e-06,0,0,0,0,0,0,0,0,0}:
{0,97,0,0,0,0,0,0,0,0,0,0,0,0,0,0,0,0,0,0,0,0,0,0,0,0,0,0,0,0,0,0,0,0,0,0,0,0,0,0,0,0,0,0,0,0,2.83191e-06,0.000375886,0.000264413,0.000134249,0.000506044,0.00178698,0.0019925,0.00658106,0.0107588,0.0164663,0.0243962,0.0361158,0.0431529,0.0552195,0.0639104,0.0666665,0.0731338,0.0790758,0.0753636,0.0727576,0.0552562,0.0497795,0.0411904,0.0459372,0.0322719,0.0230082,0.0200637,0.0190108,0.0143745,0.0171018,0.0106217,0.0105761,0.00658481,0.00472265,0.00484813,0.00295352,0.00227294,0.00041762,5.29933e-05,2.47757e-05,8.70818e-05,1.47836e-06,1.60257e-06,0,0,0,2.25745e-05,0,0,0,0,0,0,0}:
{0,97,0,0,0,0,0,0,0,0,0,0,0,0,0,0,0,0,0,0,0,0,0,0,0,0,0,0,0,0,0,0,0,0,0,0,0,0,0,0,0,0,0,4.2845e-05,0,0,0,5.72689e-05,2.09948e-06,0.000218094,0.000649045,0.000603796,0.00150871,0.00265812,0.00700713,0.0118008,0.0186095,0.0236892,0.0337467,0.0485045,0.0561477,0.0666885,0.0652257,0.0685848,0.0777216,0.0687471,0.0677828,0.0611257,0.0505219,0.045968,0.0425033,0.0336143,0.0228666,0.0242381,0.025793,0.0166093,0.0163682,0.0109949,0.00551134,0.00631665,0.00591816,0.00419941,0.00201176,0.000409508,0.00021301,9.68058e-05,8.71175e-05,9.72318e-07,3.71059e-06,0,0.000123743,3.4931e-06,2.34265e-07,0,0,0,0,0,0,0}:
{0,97,0,0,0,0,0,0,0,0,0,0,0,0,0,0,0,0,0,0,0,0,0,0,0,0,0,0,0,0,0,0,0,0,0,0,0,0,0,0,0,0,0,0,0,0,0,0,0,3.42267e-06,3.51912e-06,0.000319591,0.000708123,0.00259068,0.00421972,0.0044037,0.0103326,0.0159778,0.0237306,0.0335686,0.0503809,0.0563847,0.0620906,0.0697515,0.0800659,0.0730314,0.0657126,0.0689947,0.0635699,0.0534124,0.0443186,0.0429533,0.0376188,0.0272582,0.0217327,0.018567,0.015841,0.0137102,0.0123831,0.012549,0.00949145,0.00588013,0.0036249,0.000844375,0.000380517,0.000123125,5.28657e-05,9.36957e-05,0,0,3.18631e-06,4.02723e-05,7.39785e-06,0,0,0,0,0,0,0}:
{0,97,0,0,0,0,0,0,0,0,0,0,0,0,0,0,0,0,0,0,0,0,0,0,0,0,0,0,0,0,0,0,0,0,0,0,0,0,0,0,0,0,0,0,0,0,0,0,0,6.54133e-05,0,7.54871e-05,0.00063654,0.00152195,0.000803153,0.00368202,0.0058778,0.00992844,0.0155187,0.0244322,0.0362713,0.0445369,0.0558087,0.0610601,0.0656966,0.0724977,0.0755951,0.0627444,0.0652867,0.0622499,0.0549871,0.047841,0.0401289,0.0370427,0.0274644,0.021813,0.0183134,0.0169329,0.0119455,0.0111424,0.0081794,0.00875803,0.00397652,0.00116933,0.00023974,0.000246765,3.06924e-06,3.92904e-06,0.000231656,3.05428e-06,0,0,3.56188e-07,0,0,0,0,0,0,0}:
{0,97,0,0,0,0,0,0,0,0,0,0,0,0,0,0,0,0,0,0,0,0,0,0,0,0,0,0,0,0,0,0,0,0,0,0,0,0,0,0,0,0,0,0,0,0,0,0,0,0,0,0,0.000226619,0.000684444,0.000975205,0.00192417,0.00366398,0.00704215,0.0138785,0.020414,0.0226604,0.0371565,0.0419197,0.0576607,0.063746,0.0639161,0.0677808,0.0774009,0.0724847,0.0696678,0.061609,0.0554076,0.0459203,0.0418678,0.0374858,0.0368258,0.0205297,0.0204641,0.0143774,0.0152822,0.0100232,0.0113387,0.00453337,0.00103353,0.000292491,2.71723e-06,0.000304485,5.65082e-05,3.1682e-05,1.2118e-06,1.26418e-06,0,7.63211e-06,0,0,0,0,0,0,0}:
{0,97,0,0,0,0,0,0,0,0,0,0,0,0,0,0,0,0,0,0,0,0,0,0,0,0,0,0,0,0,0,0,0,0,0,0,0,0,0,0,0,0,0,0,0,0,0,0,0,0,0,7.54871e-05,0.000312541,0.000340185,0.000695749,0.00092209,0.00181553,0.00278637,0.00771188,0.0135152,0.0171257,0.0246967,0.0365086,0.0446243,0.0547696,0.0620172,0.0721587,0.0733871,0.0772695,0.0629165,0.0707648,0.0559754,0.0608371,0.0500917,0.0444507,0.0323325,0.0285593,0.02328,0.0192852,0.0167487,0.016207,0.0138473,0.00511927,0.00149797,0.000233747,4.83778e-05,0.0001098,5.99312e-05,0,3.70556e-05,3.18631e-06,1.3859e-06,7.63211e-06,0,0,0,0,0,0,0}:
{0,97,0,0,0,0,0,0,0,0,0,0,0,0,0,0,0,0,0,0,0,0,0,0,0,0,0,0,0,0,0,0,0,0,0,0,0,0,0,0,0,0,0,0,0,0,0,0,0,0,0,2.4686e-06,7.29935e-05,4.07456e-06,9.16432e-05,0.000457973,0.0011017,0.00205608,0.00396169,0.00609037,0.00832798,0.0147994,0.0274196,0.0366056,0.0470652,0.0565098,0.0610572,0.0750279,0.0781164,0.066399,0.0699888,0.069904,0.0583092,0.048228,0.0494448,0.0428173,0.0396694,0.0328346,0.0246061,0.0219545,0.0183915,0.0151547,0.00656861,0.00120746,0.000435423,0.000274258,8.31407e-05,9.51741e-05,2.65658e-06,0,0,0,6.80739e-06,1.0553e-06,0,0,0,0,0,0}:
{0,97,0,0,0,0,0,0,0,0,0,0,0,0,0,0,0,0,0,0,0,0,0,0,0,0,0,0,0,0,0,0,0,0,0,0,0,0,0,0,0,0,0,0,0,0,0,0,0,0,0,0,0,8.0552e-05,0.000276601,0.000975973,0.00145775,0.00301394,0.00572032,0.0101,0.0166348,0.028611,0.0414811,0.070737,0.106716,0.148145,0.203179,0.257969,0.326851,0.370901,0.418827,0.456951,0.504273,0.509175,0.506069,0.491564,0.458836,0.440811,0.402042,0.350861,0.311281,0.276401,0.141816,0.0335122,0.00824953,0.00227008,0.00139544,0.00054637,0.000640472,0.000352565,0.000291252,0.000312309,7.17634e-05,2.01686e-05,0,0,0,0,0,0}:
{0,97,0,0,0,0,0,0,0,0,0,0,0,0,0,0,0,0,0,0,0,0,0,0,0,0,0,0,0,0,0,0,0,0,0,0,0,0,0,0,0,0,0,0,0,0,0,0,0,0,0,0,0,0,0,0,0,0,0.000309432,0,0.000103527,0.000801312,0.000561663,0.00113081,0.00278561,0.00500584,0.00888168,0.00993988,0.0213279,0.0374062,0.0587915,0.0896129,0.107377,0.15891,0.198748,0.250815,0.315368,0.354386,0.409813,0.445746,0.472606,0.486808,0.405935,0.153583,0.0355481,0.00995494,0.00324224,0.00150099,0.00100206,0.000445682,0.000569573,0.000100117,1.7289e-05,6.9407e-07,0,0,0,0,0,0}:
{0,97,0,0,0,0,0,0,0,0,0,0,0,0,0,0,0,0,0,0,0,0,0,0,0,0,0,0,0,0,0,0,0,0,0,0,0,0,0,0,0,0,0,0,0,0,0,0,0,0,0,0,0,0,0,0,0,0,0,0,0,0,0,0,0,0,0,3.90275e-06,1.0389e-05,0.000361575,0.00106152,0.00161183,0.00294233,0.00582691,0.0113054,0.0187149,0.0252716,0.0404054,0.0626939,0.0897457,0.118935,0.158329,0.412219,0.729862,0.541268,0.203693,0.0572561,0.0148749,0.00487059,0.00217485,0.00132211,0.000418544,0.00029333,0.000135182,0,0,0,0,0,0}:
{0,97,0,0,0,0,0,0,0,0,0,0,0,0,0,0,0,0,0,0,0,0,0,0,0,0,0,0,0,0,0,0,0,0,0,0,0,0,0,0,0,0,0,0,0,0,0,0,0,0,0,0,0,0,0,0,0,0,0,0,0,0,0,0,0,0,0,0,0,0,0,0,0,0,0,0,0,0,0,0,0,0,0.00302149,0.0734253,0.407584,0.701976,0.531202,0.216736,0.0674852,0.01695,0.00754443,0.00344823,0.000541565,2.08221e-06,0,0,0,0,0,0}:
{0,97,0,0,0,0,0,0,0,0,0,0,0,0,0,0,0,0,0,0,0,0,0,0,0,0,0,0,0,0,0,0,0,0,0,0,0,0,0,0,0,0,0,0,0,0,0,0,0,0,0,0,0,0,0,0,0,0,0,0,0,0,0,0,0,0,0,0,0,0,0,0,0,0,0,0,0,0,0,0,0,0,0,2.07006e-05,0.0041325,0.0801047,0.400994,0.676216,0.525847,0.233747,0.0736098,0.0213223,0.0021951,0.000114246,2.50753e-06,0,0,0,0,0}:
{0,97,0,0,0,0,0,0,0,0,0,0,0,0,0,0,0,0,0,0,0,0,0,0,0,0,0,0,0,0,0,0,0,0,0,0,0,0,0,0,0,0,0,0,0,0,0,0,0,0,0,0,0,0,0,0,0,0,0,0,0,0,0,0,0,0,0,0,0,0,0,0,0,0,0,0,0,0,0,0,0,0,0,0,0,0.000247135,0.00443349,0.0892778,0.392256,0.646922,0.528292,0.23951,0.0173768,0.000241274,0,6.06049e-06,0,0,0,0}:
{0,97,0,0,0,0,0,0,0,0,0,0,0,0,0,0,0,0,0,0,0,0,0,0,0,0,0,0,0,0,0,0,0,0,0,0,0,0,0,0,0,0,0,0,0,0,0,0,0,0,0,0,0,0,0,0,0,0,0,0,0,0,0,0,0,0,0,0,0,0,0,0,0,0,0,0,0,0,0,0,0,0,0,0,0,0,0,0.000125839,0.00735933,0.0987188,0.378116,0.630105,0.129755,0.000233119,0,0,0,0,0,0};
>
