energy(#dis_NC)<
@energy =
{0,97,0,0,0,0,0,0,0,0,0,0,0,0,0,0,0,0,0,0,0,0,0,0,0,0,0,0,0,0,0,0,0,0,0,0,0,0,0,0,0,0,0,0,0,0,0,0,0,0,0,0,0,0,0,0,0,0,0,0,0,0,0,0,0,0,0,0,0,0,0,0,0,0,0,0,0,0,0,0,0,0,0,0,0,0,0,0,0,0,0,0,0,0,0,0,0,0,0,0}:
{0,97,0,0,0,0,0,0,0,0,0,0,0,0,0,0,0,0,0,0,0,0,0,0,0,0,0,0,0,0,0,0,0,0,0,0,0,0,0,0,0,0,0,0,0,0,0,0,0,0,0,0,0,0,0,0,0,0,0,0,0,0,0,0,0,0,0,0,0,0,0,0,0,0,0,0,0,0,0,0,0,0,0,0,0,0,0,0,0,0,0,0,1.06935e-05,0,0,0,0,0,0,0}:
{0,97,0,0,0,0,0,0,0,0,0,0,0,0,0,0,0,0,0,0,0,0,0,0,0,0,0,0.0113417,0,0,0,0,0,0,0,0,0,0,0,0,0,0,0,0,0,0,0,0,0,0,0,0,0,0,0,0,0,0,0,0,0,0,0,0,0,0,0,0,0,0,0,0,0,0,0,0,0,0,0,0,0,0,0,0,0,0,0,0,0,0,0,0,0,0,0,0,0,0,0,0}:
{0,97,0,0,0,0,0,0,0,0,0,0,0,0,0,0.248655,0,0,0,0,0,0,0.000229749,0,0,0.000976678,0,0,0,0,0,0.034614,0,0,0,0,0.00512547,0,0.000224622,0,0.0160571,0,0,0,0,0,0,0,0,0,0,0,0,0,0,0,0,0,0,0,0,0,0,0,0,0,0,0,0,0,0,0,0,0,0,0,0,0,0,0,0,0,0,0,0,0,0,0,0,0,0,0,1.06935e-05,0,0,0,0,0,0,0}:
{0,97,0,0,0,0,0,0,0,0,0,0,0,0,0,0,0,0,0,0,0,0,0,0,0,0,0,0.0379871,0,0,0,0,0,0,0,0,0,0,0,0,0,0,0,0,0,0,0,0,0,0,0,0,0,0,0,0,0,0,0,0,0,0,0,0,0,0,0,0,0,0,0,0,0,0,0,0,0,0,0,0,0,0,0,0,7.99725e-05,0,0,0,0,0,0,0,0,0,0,0,0,0,0,0}:
{0,97,0,0,0,0,0,0,0,1,0.00567467,0,0.990479,1,0,0.250074,0.250474,0.312039,0.274874,0.236791,0.197487,0.320563,0.0511939,0.261724,0.161693,0.0844954,0.191289,0.0787795,0.0975785,0.147643,0.062585,0.170578,0.14398,0.0948968,0.116409,0.213932,0.00539365,0.122164,0.014313,0.0653548,0.045573,0.0167057,0.0224508,0.0788616,0.087733,0.00757539,0.00648918,0.030532,0.0743947,0.151412,0.00265461,0.0205646,0,0.0499841,0,0.00194322,0.039128,0.000777362,0,0.000750713,0.0238604,0.000903824,0.0559437,0.0274627,0,0,0.0166926,0.129081,0.00215729,0.0391532,0,0.0453777,0,0,0.0205423,0,0.0752909,0.00884813,0,0.000402775,0.029341,0,0.0273611,0.0189192,0.00530916,0.0037878,0.00225168,0.00463556,0.0288572,0.00356654,0.021701,0.00889948,0.00811857,0.00728874,0.000950421,0.00603113,0.000131384,0,0,0}:
{0,97,0,0,0,0,0,0,0,0,0,1,0.00952137,0,0.921492,0.248655,0.249052,0.448864,0.333819,0.287914,0.219754,0.123828,0.327953,0.0491824,0.157516,0.144623,0.0729826,0.206792,0.141258,0.177714,0.0685841,0.0733328,0.0763307,0.0484865,0.0820724,0.0666743,0.133498,0.000707113,0.0543436,0.144098,0,0.204938,0.0348652,0.0225338,0.0277449,0.0608326,0.0069358,0.0246799,0.0525892,0.0225324,0.0507269,0,0,0.0522077,0.00220645,0.149813,0.00152849,0.0657822,0.000406265,0.00124446,0,0,0.000406391,0.0923271,0.0831171,0.00428036,0.0966445,0,0.00215729,0.00164968,0,0.00884845,0,0.00091679,0.0286967,0.0766684,0.0611563,0.0255121,0.00840201,0.011704,0.000767617,0.105514,0.000511527,0.0224696,0.0342523,0.00794032,0.00225086,0.00992469,0.00619661,0.0220168,0.00284835,0.00035485,0.00922271,0.00158254,0.00091982,0.00023345,0.000199763,0,0,0}:
{0,97,0,0,0,0,0,0,0,0,0.994325,0,0,0,0,0,0,0.233894,0.137271,0,0.0304674,0.0953574,0.0219096,0.12028,0.0563828,0.0613341,0.0577579,0,0.0212187,0.0687247,0.027517,0.0123901,0.0323717,0.0819586,0.0125391,0.0454426,0.0147784,0.073228,0.00037442,0.000795598,0,0.000418678,0.0275189,0.0555944,0.00676445,0.0283038,0.0807904,0.0298988,0.000410537,0,0.0500265,0,0.0199205,0.00222362,0,0.0364345,0.114994,0.00129578,0,0.0548727,0,0.0579564,0.0441346,0.00146471,0,0.0188762,0.00087342,0.00120954,0.0169338,0,0.000838753,0,0,0.0105115,0,0.000608759,0,0.0246833,0,0,0.00214182,0.0115086,0.0175341,0.00468931,0.02048,0.00193748,0.00201364,0.00718043,0.0138623,0.000264433,0.00267185,0.000526402,0.00162324,0.000313767,0.000232667,5.50279e-05,0,0,0,0}:
{0,97,0,0,0,0,0,0,0,0,0,0,0,0,0.0293609,0,0,0.00520258,0,0.32155,0.21047,0.0688103,0,0.0186991,0.0827535,0.0219544,0.0850664,0.0515846,0.123824,0.058696,0.068515,0.000197544,0.0115874,0.0971155,0.0377789,0.0717846,0.0172676,0.0972717,0.0578877,0.0059248,0.0906877,0.00566639,0.0648998,0,0.000560646,0.110602,0.0242522,0.0313765,0,0.0079787,0.00116747,0,0.00291532,0.00407617,0,0,0.0115651,0,0.108236,0.0155988,0.0799167,0.000545228,0.0118091,0.0278079,0,0.0516704,0.0181485,0.000725626,0,0,0.0964865,0,0.000877494,0,0.113118,0.000608759,0.0100728,0,0.100031,0.00170873,0,0,0.0209085,0.00503512,0.00366856,0.0217554,0.001882,0.00472042,9.45894e-05,0.00478568,0.00262872,0.0239655,0.00373385,0.00214148,0.00335391,0,0,0,0,0}:
{0,97,0,0,0,0,0,0,0,0,0,0,0,0,0.0491474,0.252615,0.498105,0,0,0,0.0851165,0.0341331,0.130068,0.0334083,0.111037,0.145599,0.0198639,0.0763357,0.0511132,0.163182,0.0379039,0.0919527,0.0121029,0.000202654,0.0981306,0.0454426,0.0308507,0.0533005,0.106894,0.0499624,0.000256011,0.044011,0,0.0616238,0.0316118,0.000691753,0.00648918,0.0198201,0,0.000417475,0.0133856,0.0195671,0,0.0416919,0.000663677,0,0.0110173,0.0563021,0,0.00125136,0.000456089,0,0,0.000875025,0,0,0,0.0455115,0,0,0,0.0074961,0,0,0,0.00258259,0.00122517,0.000462967,0,0,0,0,0.0163726,0.00836241,0.0134878,0.0197935,0.00347048,0.00181893,0.000641476,0.000146985,8.06878e-05,0.0118392,0.00398593,0.00350287,0.00421253,0.0016827,0,0.000394501,0,0}:
{0,97,0,0,0,0,0,0,0,0,0,0,0,0,0,0,0.00236924,0,0.116433,0,0.0864719,0.0953574,0.0612087,0.0812738,0.0187943,0.000230219,0.100291,0.12792,0.0138244,0.000842749,0.0378494,0,0.108702,0.0484226,0.0346668,0.000428306,0.0142065,0.0192789,0.0192327,0.123258,0.0448587,0,0.0728734,0.0258164,0.077985,0,0.0666627,0,0,0,0.000700386,0.0027825,0.0161596,0.0582512,0.0420626,0,0.00152849,0.0148568,0.0118055,0.0143475,0.0698998,0.0288824,0.00102997,0.03327,0.0248838,0,0.00145589,0,0,0.0250306,0.000551647,0.00148661,0.0101167,0.0108732,0.0925757,0,0.0034682,0.0192354,0.0774715,0.000402775,0.00214182,0.000602172,0.0125606,0.0056407,0.000703029,0.0154018,0.0158475,0.0170748,0.00040993,0.00841053,0.000422996,0.00217277,0.00512925,0.0020964,0.00588294,0,0,0,0,0}:
{0,97,0,0,0,0,0,0,0,0,0,0,0,0,0,0,0,0,0.0790547,0.118396,0.0851165,0.0953574,0.0182749,0.0508873,0.0196304,0.150129,0.0198639,0,0.123394,0.0316024,0.0512589,0.0206692,0.108702,0.0695571,0.045215,0.0324106,0.00074829,0,0.0511098,0.0360531,0.0609158,0.0157537,0.0217576,0.0371328,0.059873,0.0401341,0.0604418,0,0.0429547,0.0221149,0,0.0010436,0.0170051,0.0152308,0,0,0.00036029,0.018737,0,0.0150982,0,0,0,0,0.0236466,0.00439309,0,0,0.0734473,0.0838361,0,0,0.120794,0.000361735,0,0,0,0,0.000439625,0.0320379,0,0.0322949,0.0122628,0.00438523,0.0115911,0.00203988,0.000295927,0.00588036,0.00691392,0.00200032,0.0117338,0.0124008,0.00325295,0.010156,0.00783291,0,0,0,0,0}:
{0,97,0,0,0,0,0,0,0,0,0,0,0,0,0,0,0,0,0,0.035349,0,0.0346773,0.183626,0,0.000299651,0.0616841,0.00463918,0.0493288,0.0596564,0.0189439,0.125284,0.0351652,0.0135654,0.0489881,0.0578218,0.0506413,0.0939832,0.0190788,0.0512576,0.0554119,0.0589663,0.0442622,0,0.127062,0.0431296,0.0226586,0.021296,0.0303749,0.071935,0.0228108,0,0.0195671,0.0992318,0,0.0441416,0.0441391,0,0.00128863,0.0387428,0,0.000456089,0.0285238,0,0.00146471,0.0270988,0.00164634,0,0.0681164,0,0.00111222,0,0.045512,0.00147699,0,0.030282,0.00258259,0,0.00915263,0,0.0010208,0.00214182,0.000396048,0.00179328,0.0251892,0.0146733,0.0105098,0.00179515,0.00473166,0.0101807,0.00175292,0.00943229,0.0118392,0.0040818,0.00482022,0.00252714,0.00437708,0,0,0,0}:
{0,97,0,0,0,0,0,0,0,0,0,0,0,0,0,0,0,0,0,0,0,0.00151846,0.0612087,0.0691024,0.0525055,0.144623,0.115516,0.0142024,0.0802179,0.0687247,0.0618042,0.0451462,0.0674418,0.00387308,0.0109024,0.000720918,0,0.0533005,0.000626744,0.0330862,0.0160571,0.0315074,0,0,0,0,0.0594944,0.00901603,0,0.0731508,0,0.0195671,0.00320475,0,0.0474045,0,0.0349063,0.0419637,0.0122117,0.131541,0,0,0.00172407,0.0603874,0.0647285,0,0.0172671,0.0150775,0.000508508,0.0304875,0.0023403,0.0074961,0,0,0.102673,0.00153435,0,0.0242203,0,0,0.0401581,0,0.0141054,0.0139416,0.0348894,0.0198815,0.0168225,0.00185844,0.00654346,0.0385764,0.00301415,0.000457767,0.00420084,0.00387669,0.00818319,0.00159903,0,0,0,0}:
{0,97,0,0,0,0,0,0,0,0,0,0,0,0,0,0,0,0,0,0,0,0,0,0.0508873,0.0838582,0.0616841,0.0438878,0.114178,0.0974118,0.105847,0.0885686,0.116232,0.0747163,0.0588219,0.0817426,0.0459936,0.113407,0.0536046,0.000372356,0.0626353,0.0611718,0.0446809,0.026085,0.0165044,0.0589346,0.0180947,0.0633112,0,0,0.0218404,0.000460644,0.00819184,0.0568007,0.00104829,0.000663677,0.00115449,0.103674,0.0411792,0,0.0025884,0.00871667,0.000358596,0.0118091,0.000875025,0,0,0.00232931,0.0158926,0.041737,0,0,0.0462142,0.0014117,0.0105115,0.000880675,0,0,0.000771715,0.000732806,0.050114,0.00127953,0,0.0165363,0.00178363,0.00919969,0.000391867,0.0200957,0.0053778,0.00216629,0.0126666,0.006826,0.000574323,0.00328313,0.00589091,0.0025892,0,0,0,0,0}:
{0,97,0,0,0,0,0,0,0,0,0,0,0,0,0,0,0,0,0,0,0,0.130398,0.0219096,0.0508873,0.0165125,0,0.0853092,0.0515846,0,0.0687247,0.0879745,0.0472016,0.0338953,0.0358472,0,0,0.00074829,0.0692142,0.0281768,0.0678464,0.0297064,0.044011,0.00124768,0,0.00127481,0.000345877,0.0782049,0.0298988,0.025749,0.146302,0.0133856,0.0195671,0.000556106,0,0.000873,0.0285637,0.0343585,0,0.0346567,0.00125136,0.108523,0,0.00102997,0.000875025,0,0.000987673,0.0456933,0.00241907,0.00128878,0.0263656,0.00373841,0.0205193,0.093282,0.00153462,0.0291142,0.049348,0,0,0.00957444,0,0,0,0.026353,0.0068494,0.000409044,0.0113397,0.000178517,0.000377417,0.00015767,0.0159091,0.000792169,0.000595913,0.00667496,0.000854902,0.000108157,0,0,0,0,0}:
{0,97,0,0,0,0,0,0,0,0,0,0,0,0,0,0,0,0,0,0,0,0,0.0612087,0.0691024,0.0525055,0,0,0.114178,0.0913868,0.000842749,0.101329,0.0247801,0.0447825,0,0.0248179,0.0297222,0.0638122,0.0225761,0.0393587,0.017884,0.134576,0.0209727,0.0993743,0,0.117869,0,0.000565972,0.0295885,0.025749,0,0,0.0655369,0.00235922,0.0185028,0.116291,0.0133102,0.0959871,0.00424214,0.0118055,0.047085,0.00127259,0.000908834,0,0.000870201,0.0776024,0.00340541,0,0.0145936,0.000773162,0.00945885,0,0,0.0346124,0.000911736,0,0,0.0120704,0,0.000439625,0.0016332,0.00127953,0,0.00560563,0.00979074,0.00625455,0.00503105,0.000238042,0.0263922,0.0102736,0.00478649,8.06878e-05,6.76887e-05,0.00429687,0.0125567,0.00399314,8.36672e-05,0,0,0,0}:
{0,97,0,0,0,0,0,0,0,0,0,0,0,0,0,0,0,0,0.0582163,0,0,0,0,0,0.123805,0,0.0152247,0.0142024,0.0458663,0,0,0.102287,0.000515483,0.119239,0.0124089,0,0.0469916,0.0723793,0,0,0.0898857,0.0880221,0.0217576,0.019787,0.0181565,0,0.000947384,0.0336959,0.00027001,0.000417475,0.00312169,0.0242069,0.00235922,0.0422161,0.000663677,0,0,0,0.000406265,0.00209465,0,0,0.0144869,0,0.00345227,0.00275582,0.00087342,0,0.000508508,0,0,0.000653794,0.0101167,0,0.000347486,0,0,0.0378856,0.00840201,0.000612399,0.0168123,0,0.0252475,0.00355766,0.020224,0.000451337,0.00568758,0.000841247,0.00269977,8.86679e-05,0.00815964,0.0123656,0.00461482,0.00594475,0.000176348,0,0.000199763,0,0,0}:
{0,97,0,0,0,0,0,0,0,0,0,0,0,0,0,0,0,0,0,0,0.0851165,0,0.0612087,0,0.0156764,0,0.0425332,0.0135974,0,0,0.00406945,0.0123901,0.0231748,0.0214065,0,0.0169262,0.0947315,0,0.062861,0.00108074,0,0.00111951,0.000415893,0.019787,0.0663011,0,0.0181026,0.000786359,0.000684319,0.0822943,0,0,0.0456437,0.0309858,0,0,0.000547804,0.00216901,0.0118055,0.118136,0.0174333,0,0.0340496,0.000875025,0.0020624,0,0.00487406,0,0,0,0.0526069,0.0691184,0.0276928,0.0344963,0.000528335,0.000925587,0.000878529,0,0.00840201,0.0384099,0.0401581,0.0257011,0.00386972,0.0134823,0.00933803,0.0408794,0.0018233,0.011761,0.0112246,0.0277368,0.000364745,0.00067724,0.00634436,0.0028217,0.000221624,0.00437708,0,0,0,0}:
{0,97,0,0,0,0,0,0,0,0,0,0,0,0,0,0,0,0,0.000332243,0,0,0,0,0.0190254,0.0156764,0.122668,0,0.0379871,0.00567908,0.0537663,0.0373098,0.034614,0.0446593,0.0355094,0.0476278,0.104321,0.0168206,0.0207763,0.053447,0.000475294,0.000714325,0.0131402,0.00116043,0,0,0.0853101,0.0425919,0.00178804,0.0737648,0.0241701,0.196465,0.00752226,0.0530321,0.0152308,0.0364904,0.00240127,0.00152849,0.0170258,0.0118055,0.00250271,0.0802979,0,0,0.0923271,0.0020624,0.00229593,0,0,0.0160653,0,0,0.0246004,0,0.000550001,0.103021,0.0798683,0,0.00123468,0.000439625,0.140977,0.000504861,0.000602172,0.00578051,0.000259638,0.00783699,0.0382961,0.00530224,0.00477778,0.00180777,8.86679e-05,0.0306672,0.00565862,0.00896705,0.00185934,0.00091982,0.00437708,0.0142685,0,0,0}:
{0,97,0,0,0,0,0,0,0,0,0,0,0,0,0,0,0,0,0,0,0,0,0,0.0564377,0,0,0.060031,0,0.0461576,0,0.0879745,0.034614,0.0121029,0,0.0124089,0,0.0469916,0.0533005,0.0436516,0.0157127,0.0294504,0.044011,0.026085,0.0552789,0.0210955,0,0.000565972,0.107341,0,0.00914354,0.177825,0.00166706,0,0.000796935,0,0.0728691,0.0573171,0.00216901,0,0.000493744,0.0803727,0.116376,0,0.00156554,0,0.0705466,0.00145589,0.0379613,0,0.000797535,0.0526069,0.0074961,0.0104649,0,0.00234999,0.0606358,0,0,0.0288001,0.0010208,0.000767617,0.000396048,0.0170249,0.0351921,0.00528178,0.00686074,0.0323198,0.00879088,0.0169706,0.0104939,0.000546806,0.0248982,0.00237806,0.00727319,6.12019e-05,0.00173849,0,0,0,0}:
{0,97,0,0,0,0,0,0,0,0,0,0,0,0,0,0,0,0,0,0,0,0,0,0.018215,0.0156764,0,0.0425332,0,0.00115332,0,0.013355,0.0853936,0.00966509,0.0461113,0.0349966,0.0135169,0.0168206,0.0190788,0.0931801,0.0515536,0.0167714,0.0444297,0.000415893,0.00690964,0.0181565,0.0853101,0.0604418,0.000310271,0.0214774,0,0.000700386,0.0238329,0.00291532,0.141864,0.0347205,0.043681,0,0,0.0323155,0,0.00871667,0,0.0323255,0.0292726,0,0.0516704,0.0172671,0,0,0.0838361,0.00167751,0.000257966,0.0332007,0.0303081,0,0.00258259,0.0120704,0.024992,0.00117243,0,0,0.0318989,0.008788,0.0180939,0.00825791,0.00610199,0.00887538,0.00415594,0.0271126,0.0104644,0.00267072,0.0236567,0.00616604,0.0094814,0.00251164,0,0.000131384,0,0,0}:
{0,97,0,0,0,0,0,0,0,0,0,0,0,0,0,0,0,0,0,0,0,0,0,0.0508873,0.0156764,0,0.0425332,0,0,0,0.0373098,0.034614,0.0328871,0.0464473,0.12676,0.0885117,0.0469916,0.0700629,0.0140884,0.0999249,0.0546443,0.0585529,0.124337,0.0338891,0.0396299,0,0.017763,0.108657,0.0014155,0,0.00265461,0.158833,0.017569,0,0.117397,0.12249,0,0.00216901,0.0118055,0.00209465,0.0564375,0.0015213,0.0329434,0.000345256,0.115321,0.0195258,0,0.00202465,0.048493,0,0,0.0892455,0,0.12668,0.0124523,0.00258259,0.00147058,0,0,0,0.00342135,0.138622,0.00932823,0.0186848,0.0244595,0.00232935,0.0175526,0.00719673,0.0330678,0.0131784,0.0516575,0.00848963,0.00612776,0.00313115,0.00338451,0,0,0,0,0}:
{0,97,0,0,0,0,0,0,0,0,0,0,0,0,0,0,0,0,0,0,0,0,0,0,0,0,0,0,0,0.0347451,0.000594117,0.000551191,0.0323717,0,0.038448,0.0503806,0.031599,0.10745,0.00466735,0.0499624,0.0164838,0.044011,0.167504,0,0.0185343,0.0606051,0.0594944,0.00131629,0,0.147272,0.000460644,0.085104,0,0.0499841,0.0018518,0.0812765,0.0104695,0.13838,0.0791896,0.134887,0,0.0015213,0.0716981,0.0357894,0.000813756,0.00164634,0.169735,0,0.0160653,0.001335,0.0023403,0.000653794,0,0.0108732,0,0,0.076186,0.000462967,0.000879249,0,0.00290943,0,0.00625631,0.035546,0.000275738,0.0115912,0.00185385,0.00742225,0.00274381,0.0152119,0.017976,0.00249333,0.0180197,0.00788249,0.00676002,8.36672e-05,0.00381782,0.000394501,0,0}:
{0,97,0,0,0,0,0,0,0,0,0,0,0,0,0,0,0,0,0,0,0,0,0,0,0,0,0.000677295,0,0.000259295,0,0,0.0232758,0.0323717,0.0127105,0,0.0595105,0.204787,0,0.0511098,0.0678464,0.0448587,0.0179406,0.149035,0.112318,0.0589346,0.140497,0.0594944,0.0246799,0,0,0.136108,0.0010436,0.203442,0,0.00110628,0.135342,0.030187,0.0428369,0,0,0.0238604,0.0570476,0.00172407,0.000345256,0,0,0,0.0143452,0,0.00346753,0.000551647,0,0.0383389,0.0287735,0.0100974,0,0.0330566,0.0180008,0.0229991,0,0.0146705,0,0.0044046,0.0279128,0.0112438,0.00973054,0.0103266,0.0184218,0.0107509,0.00475532,0.017976,0.0121263,0.00769361,0.00346691,0.0057574,0,0,0,0,0}:
{0,97,0,0,0,0,0,0,0,0,0,0,0,0,0,0,0,0,0,0,0,0,0,0,0,0,0,0,0,0,0,0,0,0.0355094,0.0450172,0.0169262,0,0,0,0,0.0613425,0.0317586,0.00822198,0.00031548,0.0210955,0.101358,0.0602837,0,0.00784609,0.0218404,0,0.000374022,0.0553913,0.0422161,0,0.000458049,0.035887,0,0.148702,0,0.00127259,0,0.000617897,0.0274627,0,0.0195258,0.0913865,0,0,0.0838361,0.000838753,0.000653794,0.0104649,0.00091679,0,0.00319135,0.00140558,0.00129178,0,0,0.00178439,0.000396048,0.0334352,0.0243702,0.0130502,0.000683002,0.0205687,0.0143408,0.000124423,0.00478649,0.0246368,6.76887e-05,0.0125688,0.00684589,0.00111084,0.000139464,0,0,0,0}:
{0,97,0,0,0,0,0,0,0,0,0,0,0,0,0,0,0,0,0,0,0,0,0,0,0,0,0,0,0,0,0,0,0.0420367,0,0.0698857,0,0,0.0533005,0.000626744,0,0.0145028,0.00480037,0,0.00031548,0,0.0588479,0,0.0330074,0.0988295,0,0.0378084,0.0893697,0.00235922,0.0152308,0,0.0368926,0,0.0414453,0,0,0,0.000545228,0.0323255,0,0.0647285,0.00164634,0.00301148,0.000477244,0.0026658,0.001335,0.0470587,0,0.0101167,0.0296903,0.000880675,0.00258259,0,0.00884813,0.00122665,0.00170873,0.00214182,0,0.0181679,0.0214418,0.018819,0.005062,0.0158185,0.0105557,0.0056432,0.0057674,0.0135466,0.0180333,0.00628889,0.00652775,0.00101904,0.00524764,0.00381782,0,0,0}:
{0,97,0,0,0,0,0,0,0,0,0,0,0,0,0,0,0,0,0,0,0,0,0,0,0,0,0,0,0,0,0,0,0.0323717,0.0233125,0,0.000720918,0,0.0190788,0.0393587,0.000187535,0.0457414,0.136833,0,0.0173847,0.000938469,0,0,0.0839776,0.0261596,0.0261842,0,0.000245994,0.017569,0,0,0,0.0343585,0.0427411,0.0323155,0.0143475,0,0.130642,0.120485,0,0.0236466,0.103341,0.0166926,0,0,0.0250306,0.00139811,0.0687262,0.00200633,0,0,0.00185117,0.000878529,0,0.0234387,0.000402775,0,0,0.00322298,0.00953987,0.00982202,0.00554527,0.00898261,0.00621827,0,0.0113664,0.000546806,0.00572725,0.00517726,0.00189866,0.00349966,0.0179134,0,0,0,0}:
{0,97,0,0,0,0,0,0,0,0,0,0,0,0,0,0,0,0,0,0,0,0,0,0,0,0,0,0,0,0,0.000212929,0,0,0.0355094,0.0103503,0,0.000447032,0.000848752,0.0393587,0.0499624,0,0.000418678,0.0478425,0.0168199,0.0185343,0.0361893,0,0.00131629,0.120307,0.000274573,0.0371016,0,0,0.000796935,0.00110628,0.0364345,0.191974,0.0406679,0.0515779,0.0949898,0,0.0015213,0.00234196,0.0289274,0.0810547,0.192926,0,0,0,0.0838361,0,0.00109439,0.000529344,0.0287735,0.000880675,0.0484224,0,0,0.0275734,0.00080555,0.00127953,0.00100375,0.0266961,0.00587368,0.0104895,0.00503105,0.00200263,0.00213086,0.00501069,0.000511836,0.0220809,0.00591055,0.00622253,0.0035281,0.00818319,0,0,0.0114636,0,0}:
{0,97,0,0,0,0,0,0,0,0,0,0,0,0,0,0,0,0,0,0,0,0,0,0,0,0,0,0,0,0,0,0,0,0,0,0.000720918,0,0,0.0436516,0,0.000256011,0,0,0.0552789,0.0608115,0,0,0,0,0.0261842,0,0.0672039,0.0346784,0,0.0347205,0,0,0,0.00172353,0.00125136,0.00947691,0.0955358,0.111023,0.000345256,0.0020624,0.000987673,0,0.00193516,0,0.00914417,0.0160301,0.00174818,0.0332007,0,0.0020025,0.000608759,0,0.000304494,0.0275734,0.0384099,0.0803162,0.0115086,0.017598,0.0044215,0.0114943,0.0118323,0.00209189,0.00643898,0.00608949,0.00669733,0.00046499,0.00393386,0.00557148,0.00992916,0.00474317,0,0,0.000394501,0,0}:
{0,97,0,0,0,0,0,0,0,0,0,0,0,0,0,0,0,0,0,0,0,0,0,0,0,0,0,0,0,0,0,0,0,0.0355094,0,0,0,0,0.0787173,0,0,0.0131402,0.00116043,0.0759462,0,0.0222669,0.0594944,0.0259962,0.0737648,0.00116485,0.0478369,0.0010436,0,0.00222362,0,0,0,0.000777362,0,0.0392738,0,0,0,0,0.0236466,0.0539664,0.00487406,0.00120287,0.017707,0.0250306,0.0023403,0.000392224,0,0.0114283,0.0925757,0,0.0124219,0.00236799,0.0108553,0.0326503,0.00178439,0.000396048,0.0193172,0.0200927,0.00756033,0.00543407,0.00533519,0.0197962,0.0078609,0.010347,0.000245364,0.00410447,0.0117956,0.00463049,0.000263665,0.0016827,0,0,0,0}:
{0,97,0,0,0,0,0,0,0,0,0,0,0,0,0,0,0,0,0,0,0,0,0,0,0,0,0,0,0,0,0,0,0,0.000565449,0,0.0452727,0,0,0,0.000187535,0,0.0157537,0,0.0165044,0.0175959,0,0.0187104,0.0246799,0,0.0079787,0,0,0.00140941,0.0416919,0.0004365,0,0.039128,0.0414453,0.0323155,0.0392738,0.000456089,0,0.00172407,0.0919818,0.00551467,0,0.00446737,0.013868,0.138141,0.108867,0.0461165,0.000257966,0.00147699,0.0287735,0.02764,0.210605,0.00147058,0.000462967,0.0254524,0.00170873,0.0481452,0,0.00321366,0.00876439,0.0239036,0.00534282,0.0161553,0.00692801,0.00752469,0.01689,0.0216654,0.00866024,0.00897012,0.000913834,0.00091982,0.0199916,0,0.000394501,0,0}:
{0,97,0,0,0,0,0,0,0,0,0,0,0,0,0,0,0,0,0,0,0,0,0,0,0,0,0,0,0,0,0,0,0,0,0,0,0,0,0.0117512,0.000795598,0.0497515,0,0.026085,0.0613083,0.0653627,0,0.000565972,0,0.00784609,0.0731508,0.0978635,0,0.0530321,0.0439155,0,0.0456243,0,0.0487564,0.00102965,0,0,0.0208406,0.064651,0.000524945,0.025709,0,0.00331045,0.00193516,0,0.00914417,0.000838753,0,0.0291698,0.000550001,0,0.00258259,0.0100728,0,0,0.107306,0.0481452,0,0.0171121,0.0220227,0.0089373,0.0100035,0.0213918,0.00197006,0.00474083,0.000394387,0.00945586,0.00410542,0.0103808,0.00180071,0.0026047,0,0.00381782,0.105102,0,0}:
{0,97,0,0,0,0,0,0,0,0,0,0,0,0,0,0,0,0,0,0,0,0,0,0,0,0,0,0,0,0,0,0,0.00966509,0,0,0,0,0,0.0393587,0,0,0,0.0272454,0.0755918,0,0,0.0594944,0.0826613,0.0214774,0.0298191,0.00116103,0.00714824,0,0.141864,0.0474045,0,0,0.0441327,0,0.134387,0.0477209,0.000358596,0.0329434,0.0103779,0,0.173062,0.0456933,0.00241907,0,0.000797535,0,0.0205193,0.0927527,0,0.000528335,0.0176896,0,0,0,0.0320379,0,0.0115086,0.0251214,0.0182067,0.0019747,0.0258163,0.000556806,0.0151896,0.0053692,0.000394387,0.034411,0.00655793,0.00433643,0.00257201,0.00104433,0.00165406,0,0.000999833,0,0}:
{0,97,0,0,0,0,0,0,0,0,0,0,0,0,0,0,0,0,0,0,0,0,0,0,0,0,0,0,0,0,0,0,0,0,0,0,0,0,0,0,0.0167714,0.0131402,0.026085,0,0,0.0403647,0.00113194,0.0826613,0.0268945,0,0.00312169,0.0726851,0,0.00302056,0,0.0380535,0,0,0,0.0863589,0.103777,0.00456391,0.0128391,0,0.00618721,0.00275582,0.0465667,0.00120954,0.0889412,0,0,0.0211731,0.000529344,0.0105115,0.0100974,0,0.0923502,0,0,0,0.134503,0.0630056,0.0182236,0.00318387,0.00389028,0.0214312,0.0423843,0.00232071,0.0102231,0.0158423,0.000488554,0.000102917,0.00453634,0.00579324,3.0601e-05,0,0,0.0313798,0.389439,0}:
{0,97,0,0,0,0,0,0,0,0,0,0,0,0,0,0,0,0,0,0,0,0,0,0,0,0,0,0,0,0,0,0,0,0,0,0,0,0,0,0,0,0,0.000415893,0.00602938,0.000938469,0,0,0.0267825,0,0,0,0.085104,0.00376862,0.0833838,0.0018518,0,0.00397011,0.00216901,0.000406265,0,0.00127259,0,0.0716981,0.0429574,0.0020624,0.00440216,0,0,0.0155497,0.0263656,0.148366,0.0227081,0.0276928,0,0,0,0.0111269,0,0.0242258,0.000402775,0.000767617,0.0115086,0.000663281,0.0291054,0.00969857,0.00897041,0.00024905,0.00358206,0.0186964,0.00484399,0.000448733,0.00769324,0.00525097,0.000276977,0.00786394,0.00533131,0,0.0114636,0,0}:
{0,97,0,0,0,0,0,0,0,0,0,0,0,0,0,0,0,0,0,0,0,0,0,0,0,0,0,0,0,0,0,0,0,0,0,0,0,0,0,0,0,0,0,0,0,0.000345877,0,0.0831331,0.00784609,0.0079787,0,0.000623454,0.00140941,0.000524144,0.000663677,0.00263966,0,0,0,0,0.000760249,0,0.00102997,0.00146471,0,0,0.00243703,0.0404632,0.0808964,0.004005,0.00139811,0,0.00200633,0.0997403,0.00376385,0.000925587,0.0932287,0,0.000289141,0.0384099,0,0.00168019,0.00569636,0.0215969,0.00550492,0.0140378,0.0123301,0.0168565,0.00229158,0.00478649,0.00781733,0.00410542,0.00591345,0.0108494,0.00396785,0.000521927,0,0.000394501,0,0}:
{0,97,0,0,0,0,0,0,0,0,0,0,0,0,0,0,0,0,0,0,0,0,0,0,0,0,0,0,0,0,0,0,0,0,0,0,0,0,0,0,0,0,0,0.00052587,0.000560646,0.000965071,0.00648918,0,0,0.0731508,0.00195423,0.0655369,0.0442343,0,0.151011,0,0.0104695,0.000777362,0.0329332,0.00125136,0,0.0297912,0.0333555,0.113512,0,0,0.0623859,0,0.0412214,0,0,0.0246004,0.0927527,0.00091679,0,0.00153435,0,0.081122,0.0459982,0,0.00214182,0,0.0144394,0.0190375,0.0243706,0.0169434,0.000504236,0.00191425,0.00015767,0.000501715,0.0153431,0.0122292,0.00394196,0.000479794,0.00185599,0.00451654,0,0,0,0}:
{0,97,0,0,0,0,0,0,0,0,0,0,0,0,0,0,0,0,0,0,0,0,0,0,0,0,0,0,0,0,0,0,0,0,0,0,0,0,0,0,0,0,0,0,0,0.0786998,0,0.0295885,0,0,0.0366409,0,0.0442343,0.0152308,0,0,0,0,0.108236,0,0,0,0.0323255,0.0274627,0.0647285,0.00275582,0.153042,0.013868,0.0404482,0.00914417,0.00317905,0.0280154,0.0101167,0.00127853,0.000880675,0.0484224,0,0,0,0.000402775,0,0.148921,0.00842878,0.00943604,0.0157539,0.0106429,0.000646884,0.00620222,0.0235826,0.00986948,0.00046499,0.00584286,0.0109347,0.00204155,0.00268757,0.00922919,0,0,0,0}:
{0,97,0,0,0,0,0,0,0,0,0,0,0,0,0,0,0,0,0,0,0,0,0,0,0,0,0,0,0,0,0,0,0,0,0,0,0,0,0,0,0,0,0.00116043,0.000880257,0.000938469,0,0,0.00980239,0,0,0,0,0,0,0,0.040321,0,0.0148568,0.00172353,0.0405252,0.000760249,0,0.0118091,0.0919818,0.0647285,0.123894,0.00291179,0.00202465,0.0404482,0.0107348,0.000838753,0.0416924,0,0,0.02764,0,0.00199762,0,0.000289141,0,0.0422053,0.0315028,0.0199754,0.0196687,0.00781035,0.0227958,0.00185385,0.000795124,0.000124423,0.0435099,0.00696382,0.000377386,0.00819661,0.000178423,0.00335391,0,0.000199763,0,0,0}:
{0,97,0,0,0,0,0,0,0,0,0,0,0,0,0,0,0,0,0,0,0,0,0,0,0,0,0,0,0,0,0,0,0,0,0,0,0,0,0,0,0,0,0,0,0,0,0,0,0.071935,0.000417475,0.0500265,0,0.19644,0.0416919,0.157917,0.0133102,0.0286585,0.136211,0.000617706,0,0.0799167,0.0285238,0.00172407,0,0,0.0188762,0.00243703,0.0487457,0.0506503,0.000629362,0,0,0,0.00183358,0.0331374,0.0186152,0,0.0246833,0.0275734,0.0134128,0.00214182,0.0640094,0.0667205,0.0311889,0.0175588,0.0268579,0.0270821,0.0240551,0.00739773,0.0128727,0.00657951,0.000582344,0.00596559,0.0075612,0.00335391,0.00608616,0,0.0114636,0,0}:
{0,97,0,0,0,0,0,0,0,0,0,0,0,0,0,0,0,0,0,0,0,0,0,0,0,0,0,0,0,0,0,0,0,0,0,0,0,0,0,0,0,0,0,0,0,0,0,0,0.071935,0,0.0366409,0.0659109,0,0,0.116291,0,0,0.000511271,0.111683,0,0.025133,0.0341969,0.0323255,0.0919818,0,0.0516704,0,0,0.0404482,0.000797535,0,0.0933266,0,0.00153462,0,0.0192325,0.00147058,0,0.00122665,0,0,0.000602172,0.000613605,0.00326247,0.0285141,0.00550629,0.0154833,0.00737768,0.00504307,0.00589736,0.00662151,6.76887e-05,0.0105562,0.00249126,0.00346207,0,0,0,0,0}:
{0,97,0,0,0,0,0,0,0,0,0,0,0,0,0,0,0,0,0,0,0,0,0,0,0,0,0,0,0,0,0,0,0,0,0,0,0,0,0,0,0,0,0,0,0,0,0.0594944,0.00131629,0.00114549,0,0,0.0655369,0,0.0416919,0.0420626,0.00116089,0.0104695,0.0509254,0.0343691,0.00125136,0.0529226,0,0,0,0.0647285,0,0,0,0,0,0.0160301,0.00130759,0.0927527,0,0.00176135,0.00516518,0,0,0,0.000612399,0,0.000602172,0.0203987,0.0187342,0.000133305,0.000403019,0.0122118,0.0168454,0.0279391,0.0205292,0.0333239,0.000306929,0.00114501,0.00248093,0.00486818,0.00165406,0,0,0,0}:
{0,97,0,0,0,0,0,0,0,0,0,0,0,0,0,0,0,0,0,0,0,0,0,0,0,0,0,0,0,0,0,0,0,0,0,0,0,0,0,0,0,0,0,0,0,0,0,0,0,0,0,0,0.00235922,0,0,0.0497448,0,0.0414453,0.0716759,0,0,0,0.0135332,0,0,0,0.0181485,0.127145,0,0.0250306,0.00289195,0.0205193,0,0.00091679,0.0285207,0.00412544,0.0938207,0.00206349,0,0,0,0.000602172,0.0145879,0.0167532,0.00746376,0.00751834,0.00620364,0.000308863,0.0127511,0.00193025,0.0132148,0.0362382,0.00566848,0.0110675,0.00017061,0.00693034,0,0,0,0}:
{0,97,0,0,0,0,0,0,0,0,0,0,0,0,0,0,0,0,0,0,0,0,0,0,0,0,0,0,0,0,0,0,0,0,0,0,0,0,0,0,0,0,0,0,0.0589346,0,0,0.00131629,0,0,0,0,0,0,0,0.00194322,0,0,0.00234124,0,0,0.287516,0.012427,0,0.0647285,0.00340541,0.00243703,0.127145,0,0,0,0,0.00147699,0.000550001,0,0,0.000346639,0,0.00122665,0.0384099,0.0401581,0,0.00426147,0.0127868,0.00461732,0.00675917,0.00426615,0.00907544,0.000421595,0.000266004,0.000969802,0,0.00545833,0.000949442,0.0050286,0.00159903,0,0.0114636,0,0}:
{0,97,0,0,0,0,0,0,0,0,0,0,0,0,0,0,0,0,0,0,0,0,0,0,0,0,0,0,0,0,0,0,0,0,0,0,0,0,0,0,0,0,0,0,0,0,0,0,0,0,0,0,0,0,0,0,0,0,0,0,0,0,0,0.000875025,0,0,0,0,0,0,0.146968,0,0.00147699,0,0.0044225,0.0176896,0,0,0,0.0320379,0.0401581,0.00168019,0.0297933,0.00956515,0.0302018,0.0276452,0.0117804,0.0107262,0.00565216,0.007462,0.0190475,0.00213848,0.00402534,0.00821553,0.00730227,0.000167334,0,0.105102,0.116274,0}:
{0,97,0,0,0,0,0,0,0,0,0,0,0,0,0,0,0,0,0,0,0,0,0,0,0,0,0,0,0,0,0,0,0,0,0,0,0,0,0,0,0,0,0,0,0,0,0,0,0.000684319,0,0,0.000245994,0,0,0,0,0.0959871,0,0,0,0.0238604,0,0.0464766,0,0,0.00275582,0,0.0379613,0,0.00914417,0,0,0,0,0,0,0.00147058,0.081122,0,0.0320379,0.0159501,0,0.0110502,0.0172198,0.00444893,0.0226633,0.00661351,0.00198942,0.0020717,0.00743322,0.0131215,0.025862,0.00765747,0.00416774,0.00815259,0,0,0,0,0}:
{0,97,0,0,0,0,0,0,0,0,0,0,0,0,0,0,0,0,0,0,0,0,0,0,0,0,0,0,0,0,0,0,0,0,0,0,0,0,0,0,0,0,0,0,0,0,0,0,0.071935,0,0,0,0,0,0,0,0,0,0,0,0,0.0119416,0.00234196,0.0289274,0.0647285,0.00164634,0.0456933,0.13038,0,0.00213253,0,0.0205193,0.0276928,0,0.02764,0.00215161,0.00147058,0.0101399,0.0770318,0.0010208,0,0.0315028,0.0122663,0.00895439,0.00995532,0.00237228,0.0116919,0.010525,0.00040906,0.00475532,0.00729099,0.00679811,0.00175578,0.0053176,0.00190826,0.000110056,0,0.105102,0,0}:
{0,97,0,0,0,0,0,0,0,0,0,0,0,0,0,0,0,0,0,0,0,0,0,0,0,0,0,0,0,0,0,0,0,0,0,0,0,0,0,0,0,0,0,0,0,0,0,0,0,0,0,0.000374022,0,0,0,0,0,0,0,0,0,0.0285238,0,0.0274627,0.00345227,0,0,0,0,0.0250306,0,0.00859049,0,0,0,0.0484224,0.0923502,0.081122,0.00102195,0,0.0401581,0,0.00856819,0.0237503,0.000516391,0.0052524,0.0106649,0.0256605,0.0114894,0.0224533,0.00509833,0.0235881,0.00707362,0.00705,0.00299576,5.50279e-05,0.0043752,0,0.0424769,0}:
{0,97,0,0,0,0,0,0,0,0,0,0,0,0,0,0,0,0,0,0,0,0,0,0,0,0,0,0,0,0,0,0,0,0,0,0,0,0,0,0,0,0,0,0,0,0,0,0,0,0,0,0,0,0.00222362,0,0,0,0.00129578,0,0,0,0.0015213,0,0.000875025,0.00123728,0,0,0,0,0.001335,0.00139811,0,0,0,0.00147417,0.00258259,0,0.121101,0.00122665,0.0010208,0,0.0383706,0.0575493,0.00074547,0.00456472,0.00970202,0.0319933,0.0022254,0.0267864,0.00347787,0.0208161,0.00752169,0.00643337,0.0143533,3.0601e-05,0.00538633,0,0,0,0}:
{0,97,0,0,0,0,0,0,0,0,0,0,0,0,0,0,0,0,0,0,0,0,0,0,0,0,0,0,0,0,0,0,0,0,0,0,0,0,0,0,0,0,0,0,0,0,0,0,0,0,0,0,0,0,0,0,0,0,0,0,0.00127259,0,0,0,0.00551467,0.00275582,0.00389293,0,0.000773162,0.110202,0.00139811,0,0,0.0287735,0,0.0484224,0.0923502,0,0,0.0320379,0.0548286,0.0115086,0.00963254,0.015264,0.0241578,0.035385,0.00124525,0.0044949,0.0167318,0.000611439,0.00316153,0.00213754,0.0110413,0.0139473,0.00281165,0,0.00381782,0,0,0}:
{0,97,0,0,0,0,0,0,0,0,0,0,0,0,0,0,0,0,0,0,0,0,0,0,0,0,0,0,0,0,0,0,0,0,0,0,0,0,0,0,0,0,0,0,0,0,0,0,0,0,0,0,0,0,0,0,0,0,0.00102965,0,0,0.0294326,0,0.000875025,0,0,0.0495862,0,0,0.0838361,0,0.000653794,0.0101167,0.0287735,0.00122816,0,0.00147058,0.0242203,0.00146561,0,0.0481452,0.000396048,0.00074882,0.00536167,0.0189187,0.00680127,0.0085379,0.00185844,0.00270064,0.00671756,0.0215772,0.00538415,0.00230603,0.00808413,0.00904181,0,0,0,0,0}:
{0,97,0,0,0,0,0,0,0,0,0,0,0,0,0,0,0,0,0,0,0,0,0,0,0,0,0,0,0,0,0,0,0,0,0,0,0,0,0,0,0,0,0,0,0,0,0,0,0,0,0,0,0,0,0,0,0,0,0,0,0,0,0.00172407,0.00146471,0,0.00164634,0,0,0,0,0.0160301,0.0687262,0.0101167,0.0963721,0,0.106476,0.00147058,0,0.0782585,0.0320379,0.0146705,0,0.0202743,0.0321776,0.0118243,0,0.00883546,0.00901963,0.000252259,0.00533961,0.00276766,0.00410447,0.00222557,0.0172785,0.00248062,0.00159903,0,0,0,0}:
{0,97,0,0,0,0,0,0,0,0,0,0,0,0,0,0,0,0,0,0,0,0,0,0,0,0,0,0,0,0,0,0,0,0,0,0,0,0,0,0,0,0,0,0,0,0,0,0,0,0,0,0,0,0,0,0,0,0,0,0,0.00254517,0,0.0323255,0,0.00123728,0,0,0.0455115,0,0.000797535,0.146968,0.0687262,0.0291698,0,0.00087582,0,0.00147058,0,0,0,0.134503,0,0.0057712,0.003531,0.0408803,0.0211169,0.000615511,0.006494,0.00213391,0.0117239,0.000545678,0.0288693,0.00879329,0.00513775,0.00532903,0.0044321,0,0,0,0}:
{0,97,0,0,0,0,0,0,0,0,0,0,0,0,0,0,0,0,0,0,0,0,0,0,0,0,0,0,0,0,0,0,0,0,0,0,0,0,0,0,0,0,0,0,0,0,0,0,0,0,0,0,0,0,0,0,0,0,0.0021298,0,0,0,0,0.00146471,0.00345227,0,0.000574448,0.0379613,0.0830537,0.000478457,0.000838753,0.0205193,0,0.0963721,0,0.00258259,0,0,0,0.011704,0.0427172,0.0115086,0.00156872,0.0099836,0.0286953,0.00657749,0.00104472,0.0355072,0.00249242,0.0208762,0.00380302,0.0204463,0.00234486,0.00233458,0.0174736,0.00159903,0.0341876,0,0,0}:
{0,97,0,0,0,0,0,0,0,0,0,0,0,0,0,0,0,0,0,0,0,0,0,0,0,0,0,0,0,0,0,0,0,0,0,0,0,0,0,0,0,0,0,0,0,0,0,0,0,0,0,0,0,0,0,0,0,0.0406679,0,0,0,0,0,0,0,0,0,0,0,0,0.0023403,0,0.0386919,0,0,0.00215161,0.0923502,0.0242203,0.10032,0,0.00127953,0.00168019,0.00802865,0.0097469,0.00971609,0.00523503,0.00576118,0.00686096,0.000546018,5.83169e-05,0.000587672,0.0183882,0.00341033,0.0129528,0.00206868,0.000278928,0.000131384,0,0,0}:
{0,97,0,0,0,0,0,0,0,0,0,0,0,0,0,0,0,0,0,0,0,0,0,0,0,0,0,0,0,0,0,0,0,0,0,0,0,0,0,0,0,0,0,0,0,0,0,0,0,0,0,0,0,0,0,0,0,0,0,0,0,0,0.0118091,0,0,0.000987673,0,0,0,0,0.00139811,0.000653794,0.0608935,0.00127853,0,0.000925587,0.000878529,0,0.0770318,0,0,0,0.0286109,0.00460254,0.00464543,0.0145031,0.00581375,0.0149238,9.45894e-05,0.00592532,0.000953545,0.0366843,0.0123729,0.00576848,0.00291821,0.00159903,0,0,0,0}:
{0,97,0,0,0,0,0,0,0,0,0,0,0,0,0,0,0,0,0,0,0,0,0,0,0,0,0,0,0,0,0,0,0,0,0,0,0,0,0,0,0,0,0,0,0,0,0,0,0,0,0,0,0,0,0,0,0,0,0,0,0,0,0,0,0,0.00164634,0.0471411,0.00120954,0.00128878,0,0.0438796,0,0.0309345,0.0584637,0.0331374,0,0.00147058,0.000771715,0,0,0,0,0.0105847,0.00051856,0.00434373,0.0183359,0.0105341,0.00740673,0.00624716,0.00817488,0.006826,0.0187167,0.0157719,0.00366692,0.00301126,0.00437708,0,0,0,0}:
{0,97,0,0,0,0,0,0,0,0,0,0,0,0,0,0,0,0,0,0,0,0,0,0,0,0,0,0,0,0,0,0,0,0,0,0,0,0,0,0,0,0,0,0,0,0,0,0,0,0,0,0,0,0,0,0,0,0,0,0,0,0,0.00102997,0,0,0,0,0,0.00215729,0.0250306,0,0,0,0,0,0,0,0.00129178,0,0.139344,0,0,0.00428733,0.0138638,0.00529165,0.00672822,0.0106657,0.00962576,0.000358514,0.00987788,0.00657951,0.0124135,0.00812793,0.0125806,0.0128492,0,0,0,0,0}:
{0,97,0,0,0,0,0,0,0,0,0,0,0,0,0,0,0,0,0,0,0,0,0,0,0,0,0,0,0,0,0,0,0,0,0,0,0,0,0,0,0,0,0,0,0,0,0,0,0,0,0,0,0,0,0,0,0,0,0,0,0.0799167,0,0,0,0,0,0,0.00202465,0,0.000797535,0.0891574,0.000653794,0.00147699,0,0.120216,0,0.0115434,0,0.0229991,0,0,0.000602172,0.0048128,0.00228514,0.024741,0.000252296,0.00817061,0.00931219,0.00186998,0.0247484,0.0151809,0.00545184,0.0025387,0.00206309,0.0106948,0.00159903,0.0125292,0,0,0}:
{0,97,0,0,0,0,0,0,0,0,0,0,0,0,0,0,0,0,0,0,0,0,0,0,0,0,0,0,0,0,0,0,0,0,0,0,0,0,0,0,0,0,0,0,0,0,0,0,0,0,0,0,0,0,0,0,0,0,0,0.00125136,0,0,0,0.000875025,0,0,0,0.00120954,0,0.0104792,0,0,0,0.0105115,0.0331374,0.0968448,0,0.0242203,0.130058,0.0384099,0,0.105514,0.00646706,0.000347124,0.0144888,0.000581429,0.00975414,0.0257066,0.00989695,0.014897,0.0105861,0.00655793,0.00703593,0.00988898,0.0105867,5.50279e-05,0.00776702,0,0,0}:
{0,97,0,0,0,0,0,0,0,0,0,0,0,0,0,0,0,0,0,0,0,0,0,0,0,0,0,0,0,0,0,0,0,0,0,0,0,0,0,0,0,0,0,0,0,0,0,0,0,0,0,0,0,0,0,0,0,0,0,0,0,0,0,0,0.0020624,0,0,0.0143452,0.135475,0,0,0,0,0.0287735,0,0.00258259,0,0.0818937,0.0229991,0.0320379,0.00127953,0,0.0042118,0.0207651,0.000479888,0.000241144,0.0010227,0.0198438,0.0177815,0.00181124,8.06878e-05,0.00232178,0.00347176,0.000946283,0.00190826,0.0210093,0,0,0,0}:
{0,97,0,0,0,0,0,0,0,0,0,0,0,0,0,0,0,0,0,0,0,0,0,0,0,0,0,0,0,0,0,0,0,0,0,0,0,0,0,0,0,0,0,0,0,0,0,0,0,0,0,0,0,0,0,0,0,0,0,0,0.00871667,0,0,0,0,0.00164634,0,0,0,0,0,0,0,0.00153462,0,0.00154285,0,0.0290375,0,0.000402775,0,0,0.00598333,0.0106552,0.000674919,0.020498,0.0052162,0.000529322,0.00740852,0,0.000122682,0,0.00725706,0.000702058,7.75558e-05,0,0.00381782,0,0,0}:
{0,97,0,0,0,0,0,0,0,0,0,0,0,0,0,0,0,0,0,0,0,0,0,0,0,0,0,0,0,0,0,0,0,0,0,0,0,0,0,0,0,0,0,0,0,0,0,0,0,0,0,0,0,0,0,0,0,0,0,0,0,0,0,0,0,0,0,0,0,0,0,0,0,0.125146,0,0.00154285,0,0.00129178,0,0.0320379,0.00214182,0,0.00823008,0.0102795,0.0106089,0.0165586,0.0161968,0.0125451,0.0082126,0.00377347,0.000122682,0.00645501,0.0122923,0.000658676,0.00768556,0,0.000131384,0,0,0}:
{0,97,0,0,0,0,0,0,0,0,0,0,0,0,0,0,0,0,0,0,0,0,0,0,0,0,0,0,0,0,0,0,0,0,0,0,0,0,0,0,0,0,0,0,0,0,0,0,0,0,0,0,0,0,0,0,0,0,0,0,0,0,0,0,0,0,0,0,0,0,0.0462199,0.0892455,0,0.039285,0,0,0.0941674,0.201669,0.00122665,0.00402985,0,0.0709515,0.0727039,0.0846403,0.0606021,0.13219,0.112635,0.0762328,0.0819555,0.0595085,0.0372182,0.0485974,0.0290971,0.0477879,0.0239351,0.0223931,0.0351341,0,0,0}:
{0,97,0,0,0,0,0,0,0,0,0,0,0,0,0,0,0,0,0,0,0,0,0,0,0,0,0,0,0,0,0,0,0,0,0,0,0,0,0,0,0,0,0,0,0,0,0,0,0,0,0,0,0,0,0,0,0,0,0,0,0,0,0,0,0,0,0,0,0,0.000478457,0.0023403,0,0,0,0.000880675,0,0,0,0.00122665,0.0234081,0.0401581,0.0315028,0.0598595,0.0572373,0.0826191,0.076375,0.0700872,0.0523531,0.0716542,0.0314111,0.019768,0.0365962,0.0490593,0.0503293,0.0182912,0.0438054,0.0201648,0.0313798,0.0424769,0}:
{0,97,0,0,0,0,0,0,0,0,0,0,0,0,0,0,0,0,0,0,0,0,0,0,0,0,0,0,0,0,0,0,0,0,0,0,0,0,0,0,0,0,0,0,0,0,0,0,0,0,0,0,0,0,0,0,0,0,0,0,0,0,0,0,0,0,0,0,0,0,0,0,0,0,0,0,0,0.00129178,0,0.00170873,0,0,0.0384987,0.0590152,0.0945829,0.0972658,0.188534,0.136612,0.154114,0.106012,0.131242,0.0740917,0.0619071,0.0680978,0.039309,0.0353585,0.0358339,0.00178332,0,0}:
{0,97,0,0,0,0,0,0,0,0,0,0,0,0,0,0,0,0,0,0,0,0,0,0,0,0,0,0,0,0,0,0,0,0,0,0,0,0,0,0,0,0,0,0,0,0,0,0,0,0,0,0,0,0,0,0,0,0,0,0,0,0,0,0,0,0,0,0,0,0,0,0,0,0,0,0,0,0,0,0,0,0,0,0.000217305,0.0397594,0.0210518,0.0904682,0.137352,0.124591,0.122768,0.0449465,0.0508653,0.0765909,0.049305,0.0403176,0.0181784,0.0147328,0.000999833,0,0}:
{0,97,0,0,0,0,0,0,0,0,0,0,0,0,0,0,0,0,0,0,0,0,0,0,0,0,0,0,0,0,0,0,0,0,0,0,0,0,0,0,0,0,0,0,0,0,0,0,0,0,0,0,0,0,0,0,0,0,0,0,0,0,0,0,0,0,0,0,0,0,0,0,0,0,0,0,0,0,0,0,0,0,0,0,0,0,0.00496633,0.0554799,0.0920036,0.112788,0.0676224,0.124278,0.108784,0.0486577,0.0485848,0.0300665,0.0821476,0,0,0.00413858}:
{0,97,0,0,0,0,0,0,0,0,0,0,0,0,0,0,0,0,0,0,0,0,0,0,0,0,0,0,0,0,0,0,0,0,0,0,0,0,0,0,0,0,0,0,0,0,0,0,0,0,0,0,0,0,0,0,0,0,0,0,0,0,0,0,0,0,0,0,0,0,0,0,0,0,0,0,0,0,0,0,0,0,0,0,0,0,0.000148784,0.000473514,0.00887936,0.032185,0.141332,0.095834,0.0808292,0.0429468,0.0356836,0.0534198,0.0492712,0.0135318,0.0424769,0}:
{0,97,0,0,0,0,0,0,0,0,0,0,0,0,0,0,0,0,0,0,0,0,0,0,0,0,0,0,0,0,0,0,0,0,0,0,0,0,0,0,0,0,0,0,0,0,0,0,0,0,0,0,0,0,0,0,0,0,0,0,0,0,0,0,0,0,0,0,0,0,0,0,0,0,0,0,0,0,0,0,0,0,0,0,0,0,0,0,0,0.000305719,0.00806052,0.0467326,0.0608582,0.0333562,0.027961,0.0283245,0.0943055,0.00278867,0,0};
>
