energy(#app_nut)<
@energy =
{0,97,0,0,0,0,0,0,0,0,0,0,0,0,0,0,0,0,0,0,0,0,0,0,0,0,0,0,0,0,0,0,0,0,0,0.0141081,0.0165881,0,0.0219849,0,0.0236243,0.0096484,0.0288737,0.0176452,0.0098181,0.00952215,0,0.00283048,0,0,0.00270274,0,0,0.0160931,0.00893397,0.00283483,0.00914611,0.0159016,0,0.0276448,0,0,0,0,0.00301745,0,0.00951494,0.00283968,0.0191143,0,0.00966043,0.00253423,0,0.028008,0.0052097,0.00511578,0.00248387,0,0,0,0,0,0.00191592,0.00398998,0.00253861,0.00275442,0.000373762,0.000408644,0.00140015,0.00199996,0.00252077,0.00107431,0.000514972,0,0,0,0,0,0,0}:
{0,97,0,0,0,0,0,0,0,0,0,0,0,0,0,0,0,0,0,0,0,0,0,0,0,0,0,0,0,0,0,0,0,0,0,0.0282162,0,0.013233,0.0142745,0.00811322,0.0118122,0.0096484,0.0113669,0,0.0196362,0.00952215,0.00927437,0.0123107,0.0029621,0.0132099,0.00540548,0,0,0.00370012,0.00893397,0,0.0030487,0,0.00623716,0.00317804,0,0.00612349,0,0.00320244,0,0.0121116,0.00568168,0.00951105,0,0.00267521,0.00288428,0.00253423,0,0.00278742,0,0.00255789,0,0.0108045,0.00471262,0,0,0,0.00202747,0.00136658,0.00209367,0.0015561,0,0.00177733,0.00223623,0.00199996,0.00047123,0,0.000596078,0.00102485,0.000404399,0,0,0,0,0}:
{0,97,0,0,0,0,0,0,0,0,0,0,0,0,0,0,0,0,0,0,0,0,0,0,0,0,0,0,0,0,0,0,0,0,0,0,0,0.0264661,0,0,0,0.0096484,0,0.00882258,0,0,0,0.00948025,0.0029621,0.00303722,0,0,0,0,0.00266738,0,0.0030487,0.0159016,0,0,0,0.00306175,0,0.00640489,0,0,0.00284084,0,0,0.00896017,0,0,0.00299437,0,0,0,0.00248387,0,0,0,0,0,0,0.00168079,0.000659492,0.000357778,0,0.00355467,0.00140015,0,0.00094246,0.000537157,0.000729958,0.00121643,0.00216327,0,0,0,0,0}:
{0,97,0,0,0,0,0,0,0,0,0,0,0,0,0,0,0,0,0,0,0,0,0,0,0,0,0,0,0,0,0,0,0,0,0,0.0141081,0,0,0.0109925,0.00811322,0,0.0192968,0,0.00882258,0,0.00952215,0,0,0.00992109,0.0132099,0,0.00272036,0.00303811,0,0,0.00566966,0.0030487,0.00365611,0,0,0,0.00306175,0.00316798,0.0107261,0,0,0.00852252,0.0123507,0.00570689,0,0,0.00253423,0.0100292,0.00278742,0.0113294,0.00255789,0.00248387,0,0,0.0184841,0.00233103,0.0112925,0.0059862,0.00336158,0.00474747,0.00191388,0.0027469,0.00136869,0.00363638,0.0035401,0.00362785,0.000537157,0.000867731,0.00140802,0.000404399,0,0,0,0,0}:
{0,97,0,0,0,0,0,0,0,0,0,0,0,0,0,0,0,0,0,0,0,0,0,0,0,0,0,0,0,0,0,0,0,0,0.022281,0.0141081,0.0165881,0.030417,0.0439699,0.0186488,0,0.0096484,0.0201203,0,0.0098181,0.0123651,0.0185487,0.00566097,0,0.0101727,0.00905239,0.00911142,0.0101756,0.0234933,0.0178679,0.00283483,0.0030487,0.0159016,0,0.0106443,0.0111418,0.0102548,0.0318319,0.00320244,0,0.00932692,0,0,0,0.00267521,0.015429,0.0110222,0.0190123,0.00278742,0,0,0,0,0,0,0.00780741,0.00869614,0.00480514,0.00219943,0.00286835,0.00406055,0.00149505,0.00396331,0.00503653,0.000919663,0.00362785,0.00574687,0.00252209,0.00147494,0.00175887,0.00237163,0,0,0,0}:
{0,97,0,0,0,0,0,0,0,0,0,0,0,0,0,0,0,0,0,0,0,0,0,0,0,0,0,0,0,0,0,0,0,0,0,0.0225325,0.00495264,0.00790188,0.00656397,0.0129579,0.0118122,0.00288069,0.0227338,0.0352903,0.0127495,0.00284299,0.0333611,0.0492429,0.0029621,0.0101727,0.0235102,0.00544073,0.0132138,0.0358863,0.00800215,0.00283483,0.00914611,0.0159016,0.0344541,0.0106443,0.00332656,0.00612349,0.0106106,0.0107261,0.0131239,0.00556941,0.00951494,0.00283968,0.00285344,0.0169858,0.0183133,0.0110222,0.0160179,0,0.0052097,0.0111251,0,0.0166406,0.00235631,0.0104425,0,0.022585,0.00480514,0.00398998,0.00451708,0.00515106,0.00650247,0.00792662,0.00447245,0.000919663,0.00409908,0.00179912,0.00311817,0.00243286,0.000808798,0.0026478,0,0,0,0}:
{0,97,0,0,0,0,0,0,0,0,0,0,0,0,0,0,0,0,0,0,0,0,0,0,0,0,0,0,0,0,0,0,0,0,0.0734952,0.0564323,0.0165881,0,0.0549624,0.0559464,0.0389632,0.0347066,0.0175068,0.046747,0.0098181,0.0123651,0.0148124,0.0246215,0.00888631,0.0355315,0.00810821,0.0172725,0.00303811,0.028486,0.0116014,0.0151645,0.0428282,0.0281472,0.0166823,0.0244667,0.0111418,0.0225018,0.00316798,0.0493091,0.0191588,0.0335502,0.00568168,0.00951105,0.015264,0.0116354,0.00576856,0.0220444,0.0130235,0.00557483,0.00260485,0.0333754,0.0108032,0.00248416,0.00235631,0.0265257,0.0101384,0,0.0147347,0.00293761,0.0102538,0.00729773,0.00825866,0.0109299,0.0086729,0.00999982,0.00567739,0.00233628,0.00219377,0.00230821,0.00527661,0.000790545,0.00884021,0,0,0}:
{0,97,0,0,0,0,0,0,0,0,0,0,0,0,0,0,0,0,0,0,0,0,0,0,0,0,0,0,0,0,0,0,0,0,0.0445619,0.0324284,0.0165881,0.04365,0.0395414,0.0105356,0.0661143,0.0414743,0.00875341,0.0202793,0.0196362,0.0314094,0.0240868,0.0502317,0.0297633,0.0162471,0.0144579,0.0209432,0.00303811,0.0482792,0.0258701,0.00283483,0.00609741,0.0232139,0.00311858,0.0201785,0.0144683,0.0593898,0.00950393,0.017131,0.00905235,0.0242233,0.00568168,0.00283968,0.0219677,0.0143106,0.0193209,0.00253423,0.0220066,0.009336,0.00260485,0.00255789,0.00831932,0.0108045,0.0260325,0.0048019,0.00780741,0.00869614,0.0159158,0.0125037,0.0111437,0.00658217,0.00861447,0.00766073,0.00489049,0.00599989,0.00709108,0.00520971,0.00477252,0.0020497,0.00175887,0.000790545,0,0,0,0}:
{0,97,0,0,0,0,0,0,0,0,0,0,0,0,0,0,0,0,0,0,0,0,0,0,0,0,0,0,0,0,0,0,0,0,0.0445619,0.0747526,0.0663523,0.00395094,0.0329774,0.0186488,0.0118122,0.0347066,0.0463805,0.046747,0.0392724,0.0342524,0.0268558,0.027452,0.0416117,0.0253588,0.0117551,0.0227132,0.0253662,0.00370012,0.0142687,0.0179993,0.0367308,0.00731221,0.0135638,0.0201785,0.00997967,0.0163783,0.00633595,0.0107261,0.0131239,0.0232504,0.00568168,0,0.0343783,0.0107008,0.0183133,0.0305324,0.0160179,0.0242468,0,0.0171345,0.0191225,0.0407337,0.0173173,0.0048019,0.0156148,0.0303742,0.0106798,0.00977052,0.00970949,0.00549166,0.0137525,0.00847802,0.00167215,0.00383929,0.00409908,0.00593452,0.00561581,0.0031992,0.00297207,0,0.00884021,0,0,0}:
{0,97,0,0,0,0,0,0,0,0,0,0,0,0,0,0,0,0,0,0,0,0,0,0,0,0,0,0,0,0,0,0,0,0,0.0445619,0.0846485,0.0497643,0.0568831,0.0912218,0.0511017,0.0271511,0.0385936,0.0201203,0.0114567,0.0814762,0.0628189,0.0185487,0.00283048,0.00592421,0.0132099,0.0144579,0.0172725,0.0325037,0.0482792,0.0106695,0.0208341,0.0285034,0.0182805,0.0511364,0.0382891,0.0177949,0.0316871,0.00950393,0.0128098,0.0161414,0.0335502,0.0275524,0.0342125,0.0209709,0.0179203,0.0211975,0.0271129,0.0220066,0.0204857,0.0391978,0.0222503,0.0132871,0.018257,0.0126047,0.0080416,0.0148005,0.0112925,0.0101374,0.0171372,0.00771518,0.0111255,0.00312067,0.00437196,0.00965502,0.00983918,0.00440569,0.00341059,0.004067,0.00307454,0.0016176,0.000790545,0,0,0,0}:
{0,97,0,0,0,0,0,0,0,0,0,0,0,0,0,0,0,0,0,0,0,0,0,0,0,0,0,0,0,0,0,0,0,0,0.0289333,0.0564323,0.0381288,0.0568831,0.0692368,0.0697505,0.0342045,0.0540034,0.0376271,0.0493812,0.0745894,0.0561397,0.0454045,0.0151412,0.0525676,0.0599751,0.0316185,0.0482775,0.0437407,0.040879,0.00800215,0.0123296,0.0265197,0.02687,0.0573736,0.0328906,0.0422429,0.0296949,0.0975569,0.0267383,0.0221763,0.0232504,0.0275524,0.0141984,0.041082,0.0402565,0.0183133,0.0101369,0.0220066,0.0298217,0.0139342,0.013683,0.0216064,0.0166406,0.0173173,0.0144057,0.0171315,0.0112925,0.0195399,0.020389,0.0131221,0.0177077,0.00911881,0.00833527,0.00390838,0.00829905,0.00661985,0.00268579,0.00574969,0.00269138,0.00378086,0.0026478,0.00203254,0,0,0}:
{0,97,0,0,0,0,0,0,0,0,0,0,0,0,0,0,0,0,0,0,0,0,0,0,0,0,0,0,0,0,0,0,0,0,0.0867999,0.0324284,0.0381288,0.0740671,0.0109925,0.0697505,0.0507754,0.0694132,0.0227338,0.0520153,0.0392724,0.083713,0.0305921,0.0558927,0.0684129,0.0162471,0.0171606,0.0236636,0.041618,0.0271934,0.0642734,0.0303289,0.0295684,0.0122455,0.0260381,0.0138224,0.0355898,0.0399497,0.00316798,0.0513929,0,0.0204657,0.0237191,0.0437236,0.00285344,0.00267521,0.015429,0.00848798,0.0290414,0.0437588,0.00872453,0.0590771,0.0274418,0.0216089,0.0307452,0.0393692,0.0226079,0.0277778,0.0187897,0.00977052,0.0147709,0.0169921,0.00887561,0.00984671,0.0110552,0.00229916,0.00994108,0.0082708,0.00553471,0.0036493,0.00135447,0.00873395,0.00406508,0,0,0}:
{0,97,0,0,0,0,0,0,0,0,0,0,0,0,0,0,0,0,0,0,0,0,0,0,0,0,0,0,0,0,0,0,0,0,0.0355857,0.0423242,0.0215407,0.0701161,0.0725188,0.0324529,0.0306778,0.0414743,0.0577474,0.00526825,0.0480665,0.0285665,0.0704586,0.027452,0.0158453,0.0792594,0.0379681,0.0409361,0.00911432,0.028486,0.0500046,0.0416682,0.0285034,0.02687,0,0.0573574,0.0355898,0.0266331,0.0137786,0.0267383,0.0333368,0.00278471,0.0237191,0.0180301,0.0181175,0.0160512,0.0444103,0.0110222,0.00598874,0.0232731,0.036593,0.00511578,0.0166386,0.0207411,0.00706893,0.0313276,0.0171315,0.00259637,0.0205132,0.00934655,0.010369,0.0111255,0.00549381,0.010664,0.0089449,0.00937935,0.0163963,0.0122185,0.00795125,0.00371622,0.00256767,0.00158109,0,0,0,0}:
{0,97,0,0,0,0,0,0,0,0,0,0,0,0,0,0,0,0,0,0,0,0,0,0,0,0,0,0,0,0,0,0,0,0,0.0512143,0.0465364,0.0995285,0.0383189,0.0472519,0.0511017,0.0578288,0.0636518,0.0551339,0.046747,0.0451351,0.0437746,0.0398665,0.0302824,0.0188074,0.0335553,0.0171606,0.0418864,0.0223281,0.0321861,0.0232027,0.0208341,0.0560881,0.0341822,0.0396018,0.0446452,0.0211214,0.0327566,0.0232825,0.0342619,0.0060349,0.0325774,0.0294008,0.0247015,0.015264,0.0465415,0.0222051,0.0330666,0.0290414,0,0.0226588,0.013683,0.0216064,0.0132886,0.0173173,0.0096038,0.0101384,0.0277778,0.0259569,0.0125037,0.0130069,0.0142377,0.0119963,0.00915256,0.0127273,0.00999982,0.00772692,0.00107431,0.0066702,0.00461642,0.0012132,0.00158109,0,0.00631376,0,0}:
{0,97,0,0,0,0,0,0,0,0,0,0,0,0,0,0,0,0,0,0,0,0,0,0,0,0,0,0,0,0,0,0,0,0,0.118057,0.0564323,0.0928457,0.0555029,0.0285489,0.026762,0.0885066,0.0540034,0.0516075,0.0441129,0.0647713,0.0561397,0.0519099,0.081503,0.0624887,0.028396,0.0651253,0.0382157,0.0712295,0.0321861,0.0258701,0.017009,0.0326171,0.0391155,0.0240089,0.0489335,0.0256101,0.036888,0.0201145,0.0385831,0.0232304,0.0121116,0.0313857,0.0275411,0.0142672,0.0205955,0.00865284,0.0202738,0.025001,0.0298217,0.0139342,0.0248082,0.0157709,0.0216089,0.0331015,0.0208851,0.0148005,0.0112925,0.0232908,0.0133215,0.0167493,0.0164015,0.0133787,0.00819251,0.00978098,0.0173792,0.00866938,0.00754599,0.00382368,0.00281603,0.0012132,0.00237163,0,0,0,0}:
{0,97,0,0,0,0,0,0,0,0,0,0,0,0,0,0,0,0,0,0,0,0,0,0,0,0,0,0,0,0,0,0,0,0,0.0445619,0.0324284,0.0663523,0.04365,0.0329774,0.0478331,0.0389632,0.0761809,0.0866211,0.0608379,0.0480665,0.0247303,0.0240868,0.0312712,0.0346527,0.0467652,0,0.0418864,0.0558931,0.0730651,0.0321367,0.00850449,0.0224059,0.0440488,0.0364832,0.0371789,0.0590354,0.0327566,0.0370611,0.0493091,0.0454066,0.0428771,0.0646198,0.00951105,0.0124106,0.0286212,0.0211975,0.0220444,0.0190123,0.0260605,0.0505272,0.0162409,0.00745161,0.0324134,0.0252094,0.0096038,0.02727,0.0190816,0.0186935,0.0137605,0.0133367,0.015561,0.0172469,0.00970396,0.00685471,0.00799985,0.0111902,0.00880796,0.00604968,0.00307454,0.00337646,0,0.00203254,0,0.0212332,0}:
{0,97,0,0,0,0,0,0,0,0,0,0,0,0,0,0,0,0,0,0,0,0,0,0,0,0,0,0,0,0,0,0,0,0,0.0445619,0.0282162,0.0430815,0.0793982,0.0538158,0.0348752,0.0543021,0.0289452,0.0402406,0.0291019,0.0589086,0.0399384,0.0491409,0.027452,0.0624887,0.0457041,0.0651253,0.0527679,0.0325037,0.0308935,0.0285375,0.0493185,0.0285034,0.0489822,0.0135638,0.0797563,0.024448,0.0635211,0.0338931,0.0235358,0.00905235,0.0363349,0.0180375,0.0398919,0.0372318,0.0492167,0.015429,0.0126711,0.026047,0.0298217,0.0278685,0.013683,0.00745161,0.00745249,0.029922,0.0200463,0.0171315,0.00778912,0.0245681,0.0136507,0.0136664,0.0114833,0.013883,0.0114813,0.00950898,0.00859824,0.00645523,0.0078955,0.00612689,0.00339078,0.00392214,0.00343835,0,0.00631376,0,0}:
{0,97,0,0,0,0,0,0,0,0,0,0,0,0,0,0,0,0,0,0,0,0,0,0,0,0,0,0,0,0,0,0,0,0,0.022281,0.0141081,0.0331762,0.0701161,0.0692368,0.0567926,0.070873,0.0472357,0.0139804,0.0555696,0.0284303,0.0827199,0.0574479,0.0151412,0.0188074,0.0335553,0.0551287,0.0436565,0.00303811,0.0197932,0.0312049,0.0398237,0.0438933,0.0232139,0.0166823,0.0265346,0.0177949,0.0163783,0.00950393,0.0310595,0.0454066,0.0204657,0.0445975,0.0151904,0.0219677,0.0303618,0.0240818,0.0271129,0.0190123,0.0270343,0.0113294,0.0111251,0.00248387,0.0290614,0.00471262,0.0176454,0.0202769,0.0268708,0.0187897,0.018394,0.0204082,0.0121988,0.0190031,0.0114813,0.00796279,0.0119998,0.00661985,0.0129434,0.00669853,0.0036493,0.00432654,0.00343835,0.00680767,0.00631376,0,0}:
{0,97,0,0,0,0,0,0,0,0,0,0,0,0,0,0,0,0,0,0,0,0,0,0,0,0,0,0,0,0,0,0,0,0,0.0957762,0.0705404,0.0663523,0.0396991,0.0879398,0.0567926,0.0354365,0.044355,0.0665008,0.0229134,0.0647713,0.075184,0.0213178,0.00566097,0.0475359,0.0233826,0.0470205,0.0263839,0.0467788,0.0247859,0.0106695,0.0521533,0.00914611,0.0354594,0.0511364,0.0371789,0.0533847,0.0225018,0.0275572,0.00640489,0.0363543,0.017681,0.0275524,0.0237094,0.0429387,0.0116354,0.00576856,0.00253423,0.0100292,0.0242468,0.0313833,0.0162409,0.0324096,0.0299293,0.0181405,0.0208851,0.02727,0.0138889,0.0218867,0.0140747,0.0159905,0.0144705,0.0126132,0.00696658,0.0086729,0.00737939,0.00756231,0.00988227,0.00791902,0.00647453,0.00337646,0.00501944,0,0,0,0}:
{0,97,0,0,0,0,0,0,0,0,0,0,0,0,0,0,0,0,0,0,0,0,0,0,0,0,0,0,0,0,0,0,0,0,0.0445619,0.0282162,0.00495264,0.0396991,0.0175564,0.0486793,0.00352672,0.0221775,0.0840076,0.031736,0.0422038,0.00952215,0.0148124,0.027452,0.064416,0.0396297,0.0316185,0.0482775,0.0457175,0.040879,0.0464054,0.0303289,0.0591368,0.0232139,0.0396018,0.0106443,0.0322632,0.0153087,0.0476717,0.0374643,0.0262478,0.0325774,0.0123558,0.0303808,0.0248212,0.0107008,0.0347498,0.0135564,0.0190123,0.0149108,0.0200539,0.0187988,0.0182548,0.0157728,0.00706893,0.0176454,0.0576853,0.0199887,0.0198439,0.0246932,0.0167493,0.0234493,0.0163688,0.0154446,0.00489049,0.00567862,0.00692646,0.0127557,0.00609856,0.00281603,0.00297207,0.000790545,0.00406508,0,0,0}:
{0,97,0,0,0,0,0,0,0,0,0,0,0,0,0,0,0,0,0,0,0,0,0,0,0,0,0,0,0,0,0,0,0,0,0.00665235,0.0507486,0.0497643,0.0264661,0,0.0673281,0.0625876,0.0375873,0.0804812,0.078483,0.0441111,0.0314094,0.0323938,0.0530622,0.0496055,0.0132099,0.026213,0.0409361,0.0619693,0.0321861,0.0106695,0.0598036,0.0182922,0.0709188,0.0531656,0.0138224,0.0478936,0.0358184,0.0307252,0.0128098,0.0363543,0.0363349,0.0237191,0.0332205,0.0209709,0.0375813,0.0183133,0.0135564,0.0089831,0.0391577,0.00781455,0.013683,0.029058,0.0232253,0.00942524,0.0152444,0.0327463,0.0564626,0.0227484,0.0172168,0.0177544,0.0113583,0.00986633,0.0103785,0.0139814,0.00829905,0.00661985,0.00735834,0.00911507,0.00602443,0.0064898,0,0.00203254,0,0,0}:
{0,97,0,0,0,0,0,0,0,0,0,0,0,0,0,0,0,0,0,0,0,0,0,0,0,0,0,0,0,0,0,0,0,0,0.0734952,0.0324284,0.0497643,0.017184,0.0329774,0.0186488,0.0354365,0.0279389,0.0139804,0.0352903,0.0156808,0.0532967,0.0519099,0.0369322,0.0356875,0.0610361,0.00810821,0.0372654,0.0366032,0.0482792,0.0418744,0.0369889,0.0397795,0.0513611,0.0375727,0.0414672,0.0133062,0.0225018,0.0402291,0.0267383,0.0120698,0.0381468,0.0180375,0.0332205,0.0553493,0.0169858,0.030858,0.0296471,0.0290414,0.0214594,0.0191439,0.0419426,0.0182548,0.00745249,0.0283889,0.0176454,0.0139862,0.0399773,0.0244566,0.0289974,0.0270348,0.0114833,0.0157518,0.0122986,0.0129993,0.0125982,0.00914061,0.00735834,0.0062891,0.00788255,0.00297207,0.000790545,0.00680767,0,0,0}:
{0,97,0,0,0,0,0,0,0,0,0,0,0,0,0,0,0,0,0,0,0,0,0,0,0,0,0,0,0,0,0,0,0,0,0,0.0183203,0.0381288,0.0529321,0.0329774,0.0291843,0.0105802,0.0347066,0.0350136,0.0493812,0.0127495,0.0190443,0.0454045,0.00948025,0.0356875,0.0264198,0.0289157,0.0418864,0.0407026,0.0160931,0.0116014,0.0113393,0.046942,0.0440488,0.0260381,0.031933,0.0500581,0.0502045,0.0519464,0.0246546,0.0333368,0.0194929,0.0275524,0.0398919,0.0238244,0.0312964,0.0250894,0.0110222,0.0279954,0.0111497,0.0427127,0.0419426,0.0182548,0.00745249,0.0322783,0.0208851,0.0327463,0.0138889,0.0216789,0.0155511,0.0174088,0.0135221,0.01237,0.0122986,0.00769079,0.0149194,0.00977646,0.0078955,0.00876231,0.00628294,0.00256767,0.00501944,0.00203254,0,0,0}:
{0,97,0,0,0,0,0,0,0,0,0,0,0,0,0,0,0,0,0,0,0,0,0,0,0,0,0,0,0,0,0,0,0,0,0,0.0282162,0.0331762,0.0264661,0.0252669,0.0348752,0,0.0318259,0.00261347,0.0176452,0.0196362,0.00284299,0.0185487,0.0482541,0.0188074,0.0264198,0.00905239,0.0227132,0.0264275,0.0780578,0.0660089,0.0634927,0.0285034,0.02687,0.0302461,0.00953413,0.00997967,0.0214322,0.0487784,0.027857,0.0524956,0.0335502,0.042749,0.0342125,0.00570689,0.0322309,0.0337423,0.0245786,0.0320358,0.0512811,0.0252636,0.0248082,0.0299257,0.0432179,0.0283889,0.0361295,0.0249389,0.00519275,0.0178164,0.0158653,0.0161057,0.0101771,0.0182556,0.01381,0.0159457,0.0138391,0.00756231,0.0145548,0.00995447,0.00614909,0.00283079,0.000790545,0,0.0211469,0,0}:
{0,97,0,0,0,0,0,0,0,0,0,0,0,0,0,0,0,0,0,0,0,0,0,0,0,0,0,0,0,0,0,0,0,0,0,0.0606445,0,0.030417,0.0472519,0.0210711,0.0236243,0.0385936,0.0402406,0.0405586,0.0422038,0.0123651,0.0278231,0.0425932,0.00992109,0.0132099,0.041615,0.0418864,0.0396413,0.0185006,0.0312049,0.0303289,0.0254547,0.0146244,0.0375727,0.0170004,0.0211214,0.0480654,0.00633595,0.0203334,0.0353002,0.0353621,0.0275524,0.0247015,0.00856033,0.0322309,0.0183133,0.0220444,0.0330818,0.0242468,0.0514372,0.0257017,0.0191225,0.0457021,0.0228531,0.0184841,0.0171315,0.0138889,0.0192206,0.0128179,0.0163361,0.0107677,0.0161077,0.0218794,0.0114531,0.0146202,0.00709108,0.00880796,0.0076757,0.00659919,0.005681,0,0.00406508,0,0,0}:
{0,97,0,0,0,0,0,0,0,0,0,0,0,0,0,0,0,0,0,0,0,0,0,0,0,0,0,0,0,0,0,0,0,0,0.0445619,0.0282162,0.071305,0.017184,0.0219849,0.0397199,0.0118122,0.0096484,0.0201203,0.0229134,0.0225676,0.0342524,0.0213178,0.0464125,0.0386496,0.00303722,0.0597198,0.0291043,0.0294656,0.0495718,0.0258701,0.0616481,0.0326171,0.0562944,0.0364832,0.0138224,0.0277746,0.0225018,0.0232825,0.0235358,0.0312286,0.0139235,0.0142042,0.0208698,0.0191143,0.0349061,0.0250894,0.0160907,0.0119775,0.0232731,0.0139342,0.013683,0.029058,0.0108045,0.0126047,0.00240095,0.0226079,0.0112925,0.0143039,0.015975,0.0170949,0.0203371,0.0128744,0.014199,0.018746,0.01508,0.00881138,0.0129434,0.00944339,0.00679077,0.00432654,0.00608615,0.00680767,0.0211469,0,0}:
{0,97,0,0,0,0,0,0,0,0,0,0,0,0,0,0,0,0,0,0,0,0,0,0,0,0,0,0,0,0,0,0,0,0,0.00665235,0.0141081,0,0.013233,0,0.026762,0.0354365,0.0289452,0.00522695,0.0281817,0.0098181,0.0218873,0.0491409,0.0341017,0.00592421,0.029457,0.0352654,0.0227132,0.00911432,0.0123929,0.0169361,0.0303289,0.0560881,0.0391155,0.0511364,0.0446452,0.0322632,0.012247,0.0445038,0.0235358,0.0312286,0.0297927,0.0142042,0.0247015,0.0496424,0.0250114,0.0279737,0.0424399,0.0360762,0.028008,0.0139342,0.0187988,0.0365096,0.00993666,0.014961,0.0152444,0.0202769,0.0103855,0.0236102,0.0191171,0.015331,0.011966,0.0153781,0.0110726,0.0129993,0.00737939,0.0231808,0.00754599,0.00821901,0.00429098,0.00513533,0.00343835,0,0,0,0}:
{0,97,0,0,0,0,0,0,0,0,0,0,0,0,0,0,0,0,0,0,0,0,0,0,0,0,0,0,0,0,0,0,0,0,0.022281,0.0042122,0.0165881,0.0264661,0,0.0243397,0.0389632,0.0192968,0.00261347,0.0458268,0.0196362,0.0180511,0.00276902,0.0369322,0.0356875,0.0335553,0.0316185,0.0300546,0,0.0111004,0.0338723,0.0398237,0.0132598,0.00731221,0.0302461,0.0276448,0.0355898,0.0225018,0.0264505,0.0160122,0.0202129,0.0260352,0.0275524,0.0427315,0.00285344,0.00267521,0.0183133,0.0186249,0.0390706,0.0139371,0.0243536,0.0127895,0.0315418,0.0207411,0.0362809,0.0313276,0.0156148,0.0355669,0.0189975,0.0157706,0.0146715,0.0161516,0.00824071,0.00819251,0.0177638,0.0124596,0.00614862,0.0125681,0.00808123,0.00569899,0.00311334,0.00158109,0.00680767,0,0,0.0664539}:
{0,97,0,0,0,0,0,0,0,0,0,0,0,0,0,0,0,0,0,0,0,0,0,0,0,0,0,0,0,0,0,0,0,0,0.022281,0,0.0331762,0,0,0.00811322,0,0.0414743,0.0175068,0,0.0196362,0.0152081,0.0240868,0.027452,0.0257664,0.0264198,0.0479647,0.0172725,0.0569545,0.0271934,0.0222709,0.0123296,0.023471,0.00731221,0.0229195,0.00953413,0.0133062,0.0235714,0.0551144,0.017131,0.0181047,0.044689,0.0332341,0.0237094,0.0248212,0.019661,0.0366265,0.0279982,0.0390706,0.0214594,0.0427127,0.0222503,0.0265741,0.0240931,0.0346346,0.00720285,0.00466206,0.021678,0.0211518,0.0205934,0.019419,0.0195137,0.0142568,0.00874391,0.0111811,0.0126202,0.0127685,0.00754599,0.00753793,0.00448256,0.00392214,0.00766724,0,0.00631376,0,0}:
{0,97,0,0,0,0,0,0,0,0,0,0,0,0,0,0,0,0,0,0,0,0,0,0,0,0,0,0,0,0,0,0,0,0,0.022281,0.0141081,0,0.013233,0,0.0324529,0.0236243,0,0.0262602,0.00882258,0.0098181,0.0314094,0.0333611,0.0341017,0.0198422,0.0426669,0.0452619,0.00544073,0.0294656,0.0445791,0.0384033,0.0274941,0.0102111,0.0427716,0.0229195,0.00635609,0.00332656,0.0327566,0.00633595,0.0235358,0.0262478,0.0148963,0.0123558,0.00567936,0.0276746,0.0143106,0.0193209,0.0585306,0.0290414,0.0242468,0.0165391,0.0102316,0.0240902,0.00745249,0.00235631,0.00720285,0.0226079,0.0199887,0.0199554,0.0262793,0.0147709,0.018906,0.015995,0.00970396,0.00992702,0.00537942,0.0126038,0.0120309,0.00645132,0.00679077,0.00337646,0.000790545,0.0108727,0,0,0}:
{0,97,0,0,0,0,0,0,0,0,0,0,0,0,0,0,0,0,0,0,0,0,0,0,0,0,0,0,0,0,0,0,0,0,0,0,0.0165881,0.013233,0,0.0105356,0.0236243,0.00288069,0.00875341,0.0176452,0.0196362,0.0285665,0.0148124,0.0113219,0.0257664,0.0335553,0.0298599,0.032775,0.0162519,0.0123929,0.0232027,0.00850449,0.0163085,0.0122455,0.0302461,0.00953413,0.0500581,0.0225018,0,0.0321782,0.0191588,0.017681,0.0455899,0.0237094,0.0248212,0.0232708,0.00288428,0.0542257,0.0230527,0.0214594,0.0139342,0.0171345,0.0166386,0.00993666,0.0283889,0.0152444,0.0226079,0.0277778,0.0146232,0.0152218,0.0168804,0.0202293,0.0161256,0.00915256,0.0142735,0.00799985,0.00235615,0.0109566,0.00729461,0.00820798,0.00487221,0.00580998,0,0,0,0}:
{0,97,0,0,0,0,0,0,0,0,0,0,0,0,0,0,0,0,0,0,0,0,0,0,0,0,0,0,0,0,0,0,0,0,0,0,0,0,0.0219849,0,0.0153389,0,0.0262602,0.0176452,0.0156808,0.0152081,0.0268558,0.0189605,0.0287285,0.0132099,0.0225661,0.0418864,0.0426794,0.00370012,0.0232027,0.0464837,0.0204223,0.00365611,0.0166823,0.0170004,0.00665312,0.0573976,0.0137786,0.027857,0.0292653,0.0148963,0.00951494,0.00567936,0.0181175,0.0169858,0.0279737,0.0211591,0.00598874,0.0242468,0.0226588,0.0162409,0.00496774,0.0207411,0.0260325,0.0433324,0.0148005,0.0277778,0.0135383,0.0172168,0.00759999,0.0120738,0.0151169,0.0131159,0.0124352,0.00659828,0.00850476,0.0109566,0.00677964,0.00333306,0.00919874,0.00237163,0,0.00631376,0,0}:
{0,97,0,0,0,0,0,0,0,0,0,0,0,0,0,0,0,0,0,0,0,0,0,0,0,0,0,0,0,0,0,0,0,0,0,0,0,0,0,0.00811322,0.0118122,0.00288069,0.0113669,0,0.0098181,0.0190443,0.0333611,0.00948025,0.0029621,0.0335553,0.0325626,0.0318247,0.0132138,0.00740024,0.0258701,0.0208341,0.0132598,0,0.0198009,0.0170004,0.0111418,0.0163783,0.00316798,0.017131,0.0434433,0.0121116,0.0247116,0.0218618,0.0219677,0.00267521,0.0222051,0.0356009,0.0220066,0.0176983,0.00781455,0.0196924,0.0299257,0.00248416,0.014961,0.0128435,0.00233103,0.0199887,0.01697,0.0194464,0.0151006,0.0142377,0.0179944,0.015036,0.0134174,0.0118391,0.0116614,0.00682118,0.00900563,0.00300762,0.0064898,0.00395272,0.00884021,0.0211469,0,0}:
{0,97,0,0,0,0,0,0,0,0,0,0,0,0,0,0,0,0,0,0,0,0,0,0,0,0,0,0,0,0,0,0,0,0,0,0,0,0.013233,0.0109925,0,0.0153389,0.0096484,0,0.0176452,0,0.00284299,0.0213178,0.0151412,0.0029621,0.00303722,0.0117551,0.0209432,0.0101756,0.0111004,0.0321367,0.0123296,0.0132598,0.0159016,0.0198009,0.00635609,0.0177949,0.0194401,0.00950393,0.0160122,0.054459,0.0335502,0.0208783,0.0151904,0.0315249,0.025946,0.0405184,0.00253423,0.0130235,0.0363703,0.0104194,0.027366,0.024958,0.0232253,0.0283889,0.0417702,0.0124695,0.0268708,0.0149425,0.0205934,0.0170949,0.0108927,0.00986633,0.0166705,0.0135634,0.00799985,0.00866938,0.0114937,0.00892453,0.00704928,0.00270894,0.00687669,0.00680767,0.00631376,0.0212332,0}:
{0,97,0,0,0,0,0,0,0,0,0,0,0,0,0,0,0,0,0,0,0,0,0,0,0,0,0,0,0,0,0,0,0,0,0,0,0,0,0,0,0.0118122,0,0,0,0,0,0.00927437,0.0341017,0.00992109,0.0335553,0.00540548,0.0199929,0,0.00370012,0.0142687,0.0303289,0.0265197,0.0195578,0.0271275,0.0702222,0.0578733,0.0205097,0.00950393,0.0235358,0.00301745,0.0121116,0.0275524,0.0123507,0.0219677,0.0179203,0.0144214,0.00253423,0.0130235,0,0.0418027,0.0505099,0.0357611,0.0216089,0.0102484,0.0441711,0.00932412,0.0164853,0.0121648,0.0218502,0.0129076,0.0143455,0.0121268,0.0132586,0.00796279,0.0161603,0.014818,0.0140177,0.00938673,0.00781562,0.005681,0.00158109,0,0,0,0}:
{0,97,0,0,0,0,0,0,0,0,0,0,0,0,0,0,0,0,0,0,0,0,0,0,0,0,0,0,0,0,0,0,0,0,0,0,0,0,0,0,0.0118122,0.00288069,0,0.00882258,0.00293135,0,0.00927437,0.00283048,0.0198422,0.0203454,0.0352654,0.0118318,0.00607621,0.0123929,0.0205353,0.0246593,0.0193572,0.0159016,0.00935573,0.0201785,0.0367519,0.0153087,0,0.0107261,0.0131239,0.0214386,0,0.0313728,0.0181175,0.0250114,0.0125447,0.0160907,0.0119775,0.0214594,0.0200539,0.00767367,0.0149032,0.0407337,0.0283889,0.0120048,0.02727,0.0129819,0.0170815,0.0133365,0.0161057,0.0132722,0.0116225,0.0172219,0.0143995,0.00537942,0.0116614,0.00322294,0.00857177,0.00762403,0.00311334,0.00237163,0,0,0,0}:
{0,97,0,0,0,0,0,0,0,0,0,0,0,0,0,0,0,0,0,0,0,0,0,0,0,0,0,0,0,0,0,0,0,0,0,0,0,0,0,0,0,0,0.0175068,0,0,0,0.00927437,0.0123107,0.00592421,0.0203454,0.00905239,0.00272036,0.00303811,0.0111004,0.0178679,0.00850449,0.0132598,0,0.0166823,0.00317804,0.00997967,0.00306175,0.0106106,0,0.0060349,0.0307655,0.0113634,0.0180301,0.0209709,0.0169858,0.0222051,0.00253423,0.0190123,0.009336,0.00260485,0.00856724,0.00993548,0.014905,0.0339246,0.0128435,0.00233103,0.0138889,0.020067,0.0214414,0.0172101,0.00908662,0.0125006,0.01381,0.0058726,0.0183209,0.0122972,0.00915746,0.00761903,0.00621602,0.00256767,0.00237163,0.00680767,0,0,0}:
{0,97,0,0,0,0,0,0,0,0,0,0,0,0,0,0,0,0,0,0,0,0,0,0,0,0,0,0,0,0,0,0,0,0,0,0,0,0,0,0,0,0,0,0.00882258,0.0098181,0.00952215,0.00927437,0,0.0029621,0.0203454,0.00270274,0.00272036,0.0396413,0.00740024,0.0196035,0.0151645,0.0336821,0.00365611,0.00311858,0.00953413,0.0256101,0,0.0338931,0.00320244,0.0232304,0.0121116,0.0275524,0.0247015,0.0372318,0.00267521,0.0337423,0.00506845,0.0290414,0.0121234,0.0113294,0.0187988,0.00496774,0.0157728,0.00789208,0.0128435,0.0452158,0.0112925,0.0162351,0.0162892,0.0165348,0.0152032,0.0107444,0.01381,0.00852687,0.00783922,0.0121326,0.0109566,0.00941116,0.00550741,0.00323519,0.00873395,0.00203254,0.00631376,0,0}:
{0,97,0,0,0,0,0,0,0,0,0,0,0,0,0,0,0,0,0,0,0,0,0,0,0,0,0,0,0,0,0,0,0,0,0,0,0,0,0,0,0.0118122,0,0,0,0,0,0,0.00948025,0,0,0.00905239,0,0.00303811,0.0160931,0.00893397,0.00283483,0.0204223,0.00365611,0.00935573,0.0170004,0.0111418,0.00306175,0.0169466,0.0600352,0.0292653,0.0242233,0.00951494,0.0218618,0.0238244,0.0179203,0.0183133,0.0364862,0.0149718,0.0167245,0.0104194,0.00856724,0.00496774,0.00993666,0.0283889,0.0208851,0.00932412,0.0251814,0.0170815,0.02196,0.0113582,0.0137549,0.00512005,0.00737522,0.0132713,0.0107588,0.0107189,0.00448491,0.00658909,0.00659919,0.00432654,0.00158109,0.00203254,0,0,0}:
{0,97,0,0,0,0,0,0,0,0,0,0,0,0,0,0,0,0,0,0,0,0,0,0,0,0,0,0,0,0,0,0,0,0,0,0,0,0,0,0,0,0,0,0.00882258,0.0098181,0,0.00927437,0.00566097,0,0,0.00905239,0.00544073,0,0,0.0169361,0.0094948,0.0102111,0.0354594,0.00935573,0,0.00665312,0.00612349,0.00316798,0.0139285,0.00301745,0.0121116,0.0151966,0,0.0457921,0.0349061,0.0347498,0.0160907,0.00598874,0.00836225,0.0191439,0.0282596,0.0157709,0.0216089,0.00235631,0.0176454,0.00932412,0.0338775,0.0174008,0.0135561,0.0144411,0.0135221,0.0183861,0.015036,0.00950898,0.00597781,0.0129331,0.00467256,0.00775681,0.0084573,0.00446781,0.00158109,0.00406508,0.0126275,0,0}:
{0,97,0,0,0,0,0,0,0,0,0,0,0,0,0,0,0,0,0,0,0,0,0,0,0,0,0,0,0,0,0,0,0,0,0,0,0,0,0,0,0,0,0,0,0,0,0,0,0.0257664,0,0,0.00911142,0,0.00370012,0.0205353,0,0.0030487,0.0159016,0.00311858,0.0127122,0.0111418,0.00612349,0.0201145,0.0203334,0.00301745,0.0121116,0.00951494,0.0275411,0.00570689,0.0205955,0,0.0271129,0,0.00278742,0.0139342,0.0162409,0.00248387,0.0132886,0.0204968,0.00720285,0.0382227,0.022585,0.0158042,0.0148129,0.0142266,0.011966,0.0110056,0.0110726,0.00909094,0.00845969,0.00645523,0.0111442,0.00691741,0.0064076,0.00418526,0.00422889,0.00203254,0,0,0}:
{0,97,0,0,0,0,0,0,0,0,0,0,0,0,0,0,0,0,0,0,0,0,0,0,0,0,0,0,0,0,0,0,0,0,0,0,0,0,0,0,0,0,0,0,0,0,0,0,0.0228043,0,0.0181048,0.00911142,0.0264275,0.0111004,0.0116014,0.0151645,0.00609741,0.00365611,0.0104452,0.0201785,0.00332656,0.0102548,0.0169466,0.00640489,0.0202129,0.00278471,0.0190299,0.0123507,0.015264,0.0205955,0.00288428,0.00848798,0,0.00557483,0.0348981,0.0111251,0.0191225,0.0299293,0.014961,0.0176454,0.0124695,0.022585,0.00906785,0.00860838,0.0188588,0.0125566,0.00811014,0.010664,0.0113272,0.01508,0.00897599,0.00862031,0.00773237,0.00422405,0.00392214,0.000790545,0.00884021,0,0,0}:
{0,97,0,0,0,0,0,0,0,0,0,0,0,0,0,0,0,0,0,0,0,0,0,0,0,0,0,0,0,0,0,0,0,0,0,0,0,0,0,0,0,0,0,0,0,0,0,0,0,0,0,0.00911142,0.0305269,0,0,0,0.00609741,0.0122455,0.00311858,0.00317804,0.00332656,0.0205097,0.0318319,0.027857,0.0333368,0.0121116,0.0247116,0.0342125,0.00285344,0.019661,0.015429,0.0160907,0,0.00836225,0.0165391,0.00767367,0.0207387,0.0324134,0.0204968,0.00720285,0.00932412,0.0251814,0.0120686,0.0136507,0.0159905,0.0106427,0.0134913,0.015996,0.0145455,0.00491959,0.0134043,0.0122185,0.00780958,0.004808,0.005681,0.00422889,0,0.00631376,0,0}:
{0,97,0,0,0,0,0,0,0,0,0,0,0,0,0,0,0,0,0,0,0,0,0,0,0,0,0,0,0,0,0,0,0,0,0,0,0,0,0,0,0,0,0,0,0,0,0,0,0,0,0.00270274,0.00911142,0,0,0.0142687,0.00283483,0.0030487,0.0159016,0.0104452,0.0106443,0.00332656,0.00612349,0.00316798,0,0.0131239,0.0121116,0.0123558,0.0208698,0.00570689,0.0116354,0.0173057,0.00506845,0.00598874,0.0149108,0.0191439,0.0222503,0.038245,0.0191248,0.00235631,0.0280879,0.0101384,0.0138889,0.018151,0.0129277,0.0143259,0.0171171,0.0128744,0.00806938,0.0153816,0.00675892,0.00282738,0.00628403,0.00661742,0.00781562,0.00743987,0.00608615,0.00203254,0,0,0}:
{0,97,0,0,0,0,0,0,0,0,0,0,0,0,0,0,0,0,0,0,0,0,0,0,0,0,0,0,0,0,0,0,0,0,0,0,0,0,0,0,0,0,0,0,0,0,0,0,0.0128832,0,0.00905239,0,0,0,0.00266738,0.0218244,0.0030487,0,0,0,0.0256101,0,0.0137786,0.00320244,0.0202129,0.017681,0.00284084,0.0151904,0.00570689,0.0143106,0.00865284,0.016976,0.0390706,0.0242468,0.0191439,0.0187988,0.0108032,0.0166406,0.0102484,0.0120048,0.0124695,0.00869614,0.0135537,0.0152369,0.0127924,0.0111255,0.0112488,0.0162619,0.0117452,0.0119777,0.0121326,0.0158168,0.00873398,0.00557434,0.00758115,0.000790545,0.00203254,0,0,0}:
{0,97,0,0,0,0,0,0,0,0,0,0,0,0,0,0,0,0,0,0,0,0,0,0,0,0,0,0,0,0,0,0,0,0,0,0,0,0,0,0,0,0,0,0,0,0,0,0.00948025,0,0,0.00270274,0.00272036,0.00303811,0,0.0178679,0,0.0132598,0.0109683,0.0104452,0.00317804,0,0.0133166,0.0158399,0.00640489,0.00301745,0,0.00284084,0.0370522,0.015264,0.0143106,0.0298504,0.0135564,0.0130235,0.00278742,0.0200539,0.0308175,0.0182548,0.0382496,0.00471262,0.0176454,0.0124695,0.00869614,0.0132344,0.0157555,0.0125778,0.0100522,0.0112488,0.011624,0.0113272,0.00951791,0.0111902,0.00915746,0.0068363,0.00332386,0.0012132,0.00422889,0,0.00631376,0.0212332,0}:
{0,97,0,0,0,0,0,0,0,0,0,0,0,0,0,0,0,0,0,0,0,0,0,0,0,0,0,0,0,0,0,0,0,0,0,0,0,0,0,0,0,0,0,0,0,0,0,0,0,0,0.00905239,0,0.0101756,0.00370012,0,0.0189896,0,0,0.00623716,0.0106443,0.0111418,0,0,0.00320244,0.0232304,0.0148963,0.0285448,0.00283968,0.00285344,0.00535041,0.00966043,0.0110222,0.0089831,0.00278742,0,0.0308175,0.0182548,0.00832031,0.0386372,0.0208851,0,0.0129819,0.0175124,0.0124886,0.0129076,0.00921161,0.0063719,0.015996,0.00754475,0.00629908,0.00709108,0.0104194,0.00770404,0.0114072,0.00622668,0.0052956,0.00203254,0,0,0}:
{0,97,0,0,0,0,0,0,0,0,0,0,0,0,0,0,0,0,0,0,0,0,0,0,0,0,0,0,0,0,0,0,0,0,0,0,0,0,0,0,0,0,0,0,0,0,0,0,0,0,0,0,0.00303811,0,0,0,0,0.0122455,0,0,0.00665312,0,0.0137786,0.0139285,0.0060349,0,0.00951494,0.00951105,0.00856033,0.00267521,0.0125447,0.0160907,0.0130235,0.0121234,0.0052097,0.00767367,0.0299257,0.00248416,0.0418167,0.0208851,0.00699309,0,0.0115262,0.00977052,0.0115728,0.0131643,0.0119963,0.010664,0.00936294,0.00937935,0.00850476,0.00520971,0.00718906,0.00582365,0.00663107,0.000790545,0.00680767,0,0,0}:
{0,97,0,0,0,0,0,0,0,0,0,0,0,0,0,0,0,0,0,0,0,0,0,0,0,0,0,0,0,0,0,0,0,0,0,0,0,0,0,0,0,0,0,0,0,0,0,0,0,0,0,0,0,0,0,0.00283483,0,0,0,0.00317804,0.0144683,0.0102548,0,0.0139285,0,0.017681,0.0237191,0.0123507,0.0248212,0.0232708,0.015429,0.0195102,0.0130235,0.009336,0.00872453,0,0,0.00248416,0.00235631,0.0048019,0.00466206,0,0.0108876,0.0155511,0.00816012,0.0150782,0.0148738,0.00682382,0.00447245,0.00829905,0.00866938,0.0142053,0.00748516,0.00909898,0.00743987,0.00687669,0,0.00631376,0,0}:
{0,97,0,0,0,0,0,0,0,0,0,0,0,0,0,0,0,0,0,0,0,0,0,0,0,0,0,0,0,0,0,0,0,0,0,0,0,0,0,0,0,0,0,0,0,0,0,0,0,0,0,0,0,0,0,0.00283483,0,0,0.0166823,0.00635609,0.00332656,0,0.0106106,0,0.0131239,0,0.00568168,0.0123507,0,0.00535041,0.0222051,0.00253423,0.0190123,0.0242468,0.00872453,0.0384912,0.0240902,0,0.0228531,0.0048019,0.0335607,0.00519275,0.0109838,0.0121895,0.0164354,0.00801329,0.00887561,0.00874391,0.0169278,0.00953999,0.0124392,0.00754599,0.00707573,0.00614909,0.00703547,0.00343835,0,0,0.0212332,0}:
{0,97,0,0,0,0,0,0,0,0,0,0,0,0,0,0,0,0,0,0,0,0,0,0,0,0,0,0,0,0,0,0,0,0,0,0,0,0,0,0,0,0,0,0,0,0,0,0,0,0,0,0,0,0,0,0.0094948,0,0,0,0,0,0,0.0169466,0.0139285,0,0.00278471,0.00852252,0.00283968,0.00285344,0.0232708,0.00865284,0.00848798,0.0160179,0.0307954,0.0113294,0.00511578,0.0124193,0.0132886,0.0102484,0.0128435,0.0202769,0.00869614,0.0112069,0.00860838,0.0108139,0.00992716,0.0103707,0.00929531,0.00292626,0.0129194,0.00725569,0.0111442,0.00922451,0.00679077,0.00824867,0.00343835,0,0,0.0711172,0}:
{0,97,0,0,0,0,0,0,0,0,0,0,0,0,0,0,0,0,0,0,0,0,0,0,0,0,0,0,0,0,0,0,0,0,0,0,0,0,0,0,0,0,0,0,0,0,0,0,0.0128832,0,0,0,0,0,0,0,0,0,0,0,0,0.00306175,0,0,0.0101065,0.0148963,0.0151966,0.00951105,0.00570689,0.00535041,0.015429,0.00760268,0.00598874,0.0121234,0.0139342,0.00255789,0.00248387,0.0191248,0.00471262,0.0208851,0.00233103,0.00259637,0.0101374,0.0131321,0.0121329,0.0114833,0.00837128,0.00696658,0.0139814,0.0142989,0.00567739,0.00735834,0.00724184,0.00467414,0.00216327,0.000790545,0,0.0422939,0,0}:
{0,97,0,0,0,0,0,0,0,0,0,0,0,0,0,0,0,0,0,0,0,0,0,0,0,0,0,0,0,0,0,0,0,0,0,0,0,0,0,0,0,0,0,0,0,0,0,0,0,0,0,0,0,0,0.00266738,0,0.0030487,0,0,0,0.0111418,0,0.00316798,0.00320244,0,0.00932692,0,0.00951105,0.00285344,0,0.00966043,0.00506845,0.0100292,0.0121234,0.00260485,0.0222503,0.0216064,0.00832031,0.0181405,0.0313276,0.0179458,0,0.00683261,0.0108229,0.00980885,0.0107677,0.0152655,0.0139528,0.0110351,0.00829905,0.0143468,0.00988227,0.00748516,0.00454949,0.00473093,0.000790545,0,0.00631376,0,0}:
{0,97,0,0,0,0,0,0,0,0,0,0,0,0,0,0,0,0,0,0,0,0,0,0,0,0,0,0,0,0,0,0,0,0,0,0,0,0,0,0,0,0,0,0,0,0,0,0,0,0,0,0,0,0,0,0,0,0,0,0,0,0,0.0212212,0.0107261,0.0101065,0,0.0123558,0,0.00955715,0.0116354,0,0.00848798,0.0320358,0.009336,0.00872453,0.00767367,0.0132871,0.00745249,0.00235631,0,0.00780741,0.0112925,0.012915,0.0116708,0.00440189,0.00801329,0.0070068,0.0117472,0.0111811,0.00721875,0.00709108,0.00754599,0.0094395,0.00557434,0.00458966,0.00766724,0.00203254,0.00631376,0,0}:
{0,97,0,0,0,0,0,0,0,0,0,0,0,0,0,0,0,0,0,0,0,0,0,0,0,0,0,0,0,0,0,0,0,0,0,0,0,0,0,0,0,0,0,0,0,0,0,0,0,0,0,0,0,0,0,0,0,0,0,0,0.00332656,0,0,0,0,0.00278471,0,0,0,0,0.00288428,0.016976,0.00299437,0,0.0113294,0.0111251,0.00831932,0.00993666,0.0102484,0.00720285,0.0124695,0.00869614,0.013569,0.0156608,0.0115728,0.0111255,0.0151169,0.0109299,0.00712672,0.00799985,0.00914061,0.00394775,0.00808123,0.00326613,0.00242639,0.00158109,0.00203254,0,0,0}:
{0,97,0,0,0,0,0,0,0,0,0,0,0,0,0,0,0,0,0,0,0,0,0,0,0,0,0,0,0,0,0,0,0,0,0,0,0,0,0,0,0,0,0,0,0,0,0,0,0,0,0,0,0,0,0,0,0,0,0,0,0,0,0,0,0,0.0148963,0.00284084,0,0.00955715,0,0,0.00760268,0,0.0121234,0.00872453,0.00255789,0.00248387,0,0.0236762,0.0200463,0.0124695,0.0164853,0.0122764,0.0107131,0.0130069,0.0135221,0.0167605,0.00600653,0.00852687,0.0136785,0.00661985,0.0129434,0.00488196,0.00826571,0.002022,0.0026478,0.00884021,0,0,0}:
{0,97,0,0,0,0,0,0,0,0,0,0,0,0,0,0,0,0,0,0,0,0,0,0,0,0,0,0,0,0,0,0,0,0,0,0,0,0,0,0,0,0,0,0,0,0,0,0,0,0,0,0,0,0,0,0,0,0,0,0,0,0,0.0106106,0,0,0,0.00284084,0.00283968,0.00955715,0.00896017,0.0125447,0.00506845,0.0130235,0.0111497,0.0052097,0.0111251,0.0157709,0.00248416,0.00471262,0.0208851,0.00780741,0.00778912,0.0127073,0.00430419,0.00595126,0.0110005,0.00861447,0.0164046,0.00447245,0.0112187,0.0167029,0.00394775,0.00615523,0.00826571,0.000808798,0.0052956,0.00406508,0.0211469,0,0}:
{0,97,0,0,0,0,0,0,0,0,0,0,0,0,0,0,0,0,0,0,0,0,0,0,0,0,0,0,0,0,0,0,0,0,0,0,0,0,0,0,0,0,0,0,0,0,0,0,0,0,0,0,0,0,0,0,0,0,0,0,0,0,0,0,0,0,0.00284084,0,0,0.00267521,0,0.0110222,0.0130235,0.00278742,0.0113294,0,0.0191225,0.0191248,0.00942524,0.0128435,0.0179458,0.0251814,0.015708,0.0112469,0.0164354,0.00717274,0.0146306,0.0127072,0.0111811,0.0109195,0.0107189,0.00969462,0.0122655,0.00486573,0.00432654,0.0129628,0.00406508,0.00631376,0,0}:
{0,97,0,0,0,0,0,0,0,0,0,0,0,0,0,0,0,0,0,0,0,0,0,0,0,0,0,0,0,0,0,0,0,0,0,0,0,0,0,0,0,0,0,0,0,0,0,0,0,0,0,0,0,0,0,0,0,0,0,0,0,0,0,0.00320244,0,0,0,0.0123507,0,0.00267521,0,0.0364862,0.0130235,0,0,0.00511578,0.00496774,0.00248416,0.00789208,0.00240095,0.00466206,0.00259637,0.00929096,0.0121895,0.00992404,0.0152032,0.013883,0.00574064,0.00879887,0.00829905,0.0102477,0.0114937,0.00569303,0.00614909,0.0012132,0.00237163,0,0.00631376,0,0}:
{0,97,0,0,0,0,0,0,0,0,0,0,0,0,0,0,0,0,0,0,0,0,0,0,0,0,0,0,0,0,0,0,0,0,0,0,0,0,0,0,0,0,0,0,0,0,0,0,0,0,0,0,0,0,0,0,0,0,0,0,0,0,0,0.00320244,0,0,0,0,0,0.0116354,0,0,0.00299437,0.00557483,0.0052097,0,0.0108032,0.0108045,0.00235631,0,0.0156148,0.00259637,0.00842921,0.0118753,0.00771518,0.00921161,0.0121268,0.00696658,0.00712672,0.0129194,0.00961184,0.00341059,0.00610245,0.00512424,0.00879434,0.00422889,0.00203254,0.00631376,0,0}:
{0,97,0,0,0,0,0,0,0,0,0,0,0,0,0,0,0,0,0,0,0,0,0,0,0,0,0,0,0,0,0,0,0,0,0,0,0,0,0,0,0,0,0,0,0,0,0,0,0,0,0,0,0,0,0,0,0,0,0,0,0,0,0,0,0.00301745,0,0,0,0,0,0,0.00253423,0,0.00278742,0.0200539,0.0171345,0,0.0132886,0,0.0048019,0.00466206,0.0138889,0.0107913,0.0105087,0.0119184,0.00502608,0.0146306,0.00723247,0.00936294,0.01508,0.00930523,0.00862031,0.00729461,0.00602443,0.00378086,0.000790545,0.00680767,0,0.0212332,0}:
{0,97,0,0,0,0,0,0,0,0,0,0,0,0,0,0,0,0,0,0,0,0,0,0,0,0,0,0,0,0,0,0,0,0,0,0,0,0,0,0,0,0,0,0,0,0,0,0,0,0,0,0,0,0,0,0,0,0,0,0,0,0,0,0,0,0,0,0,0,0.0143106,0.0125447,0,0,0.00278742,0.00872453,0.00255789,0.0132871,0.00248416,0.00789208,0.00240095,0.00466206,0,0.00940251,0.00923679,0.0120177,0.0179576,0.0110056,0.0147701,0.00963494,0.0104596,0.00756231,0.0127557,0.00716073,0.00448256,0.00256767,0.00501944,0.00406508,0.0126275,0,0}:
{0,97,0,0,0,0,0,0,0,0,0,0,0,0,0,0,0,0,0,0,0,0,0,0,0,0,0,0,0,0,0,0,0,0,0,0,0,0,0,0,0,0,0,0,0,0,0,0,0,0,0,0,0,0,0,0,0,0,0,0,0,0,0,0,0,0,0,0,0.00955715,0,0,0.00253423,0.00299437,0.009336,0.0174491,0.0111251,0,0,0.00235631,0.00240095,0.0156148,0.0164853,0.00886008,0.00988029,0.0122481,0.0140049,0.00874504,0.0101126,0.0139814,0.00399993,0.00786892,0.00287344,0.00778514,0.00807413,0.00392214,0.00343835,0.00884021,0.0211469,0,0}:
{0,97,0,0,0,0,0,0,0,0,0,0,0,0,0,0,0,0,0,0,0,0,0,0,0,0,0,0,0,0,0,0,0,0,0,0,0,0,0,0,0,0,0,0,0,0,0,0,0,0,0,0,0,0,0,0,0,0,0,0,0,0,0,0,0,0,0,0,0,0.00267521,0,0,0.00299437,0,0.00260485,0,0.00831932,0.00496833,0.0102484,0.0048019,0.00233103,0.00869614,0.0116377,0.0106185,0.00529177,0.00921161,0.00837128,0.0118899,0.0115992,0.0113793,0.0100831,0.0134805,0.00617966,0.00390781,0.00473093,0,0.00609762,0,0,0}:
{0,97,0,0,0,0,0,0,0,0,0,0,0,0,0,0,0,0,0,0,0,0,0,0,0,0,0,0,0,0,0,0,0,0,0,0,0,0,0,0,0,0,0,0,0,0,0,0,0,0,0,0,0,0,0,0,0,0,0,0,0,0,0,0,0,0,0,0,0.00955715,0.00535041,0,0.0220444,0.00299437,0.0111497,0.00260485,0,0.0299257,0.0290614,0.0196736,0.0152444,0.0350774,0.0355669,0.0357597,0.0758851,0.0794082,0.0796673,0.0817493,0.0848641,0.0945257,0.0659546,0.0856094,0.0556696,0.0582552,0.0509354,0.0299838,0.0296022,0.023778,0.046402,0,0}:
{0,97,0,0,0,0,0,0,0,0,0,0,0,0,0,0,0,0,0,0,0,0,0,0,0,0,0,0,0,0,0,0,0,0,0,0,0,0,0,0,0,0,0,0,0,0,0,0,0,0,0,0,0,0,0,0,0,0,0,0,0,0,0,0,0,0,0,0,0,0,0,0,0,0,0.00260485,0,0,0.00496833,0,0.0208851,0.0257532,0.00259637,0.0233871,0.0433863,0.0463069,0.0749084,0.0689696,0.0805118,0.069741,0.0798158,0.0673055,0.0941244,0.0657198,0.0560688,0.036493,0.0324883,0.0278431,0.0422939,0.0212332,0}:
{0,97,0,0,0,0,0,0,0,0,0,0,0,0,0,0,0,0,0,0,0,0,0,0,0,0,0,0,0,0,0,0,0,0,0,0,0,0,0,0,0,0,0,0,0,0,0,0,0,0,0,0,0,0,0,0,0,0,0,0,0,0,0,0,0,0,0,0,0,0,0,0,0,0,0,0,0,0,0,0,0,0.0112925,0.00737503,0.0202792,0.0655272,0.0746756,0.0956144,0.108093,0.116158,0.138895,0.122927,0.124845,0.114443,0.0844299,0.0785646,0.081968,0.0632039,0.0549214,0.0424664,0.222577}:
{0,97,0,0,0,0,0,0,0,0,0,0,0,0,0,0,0,0,0,0,0,0,0,0,0,0,0,0,0,0,0,0,0,0,0,0,0,0,0,0,0,0,0,0,0,0,0,0,0,0,0,0,0,0,0,0,0,0,0,0,0,0,0,0,0,0,0,0,0,0,0,0,0,0,0,0,0,0,0,0,0,0,0,0.00105238,0.00209367,0.0174749,0.0342506,0.0434537,0.0701992,0.0808961,0.101818,0.109029,0.10038,0.0872368,0.0909985,0.0602332,0.0346508,0.046402,0.0212332,0}:
{0,97,0,0,0,0,0,0,0,0,0,0,0,0,0,0,0,0,0,0,0,0,0,0,0,0,0,0,0,0,0,0,0,0,0,0,0,0,0,0,0,0,0,0,0,0,0,0,0,0,0,0,0,0,0,0,0,0,0,0,0,0,0,0,0,0,0,0,0,0,0,0,0,0,0,0,0,0,0,0,0,0,0,0,0,0,0.00287747,0.0136673,0.0329994,0.0381379,0.0478946,0.0625166,0.0864643,0.0830704,0.0663743,0.0597189,0.0495886,0.0675489,0,0.0664539}:
{0,97,0,0,0,0,0,0,0,0,0,0,0,0,0,0,0,0,0,0,0,0,0,0,0,0,0,0,0,0,0,0,0,0,0,0,0,0,0,0,0,0,0,0,0,0,0,0,0,0,0,0,0,0,0,0,0,0,0,0,0,0,0,0,0,0,0,0,0,0,0,0,0,0,0,0,0,0,0,0,0,0,0,0,0,0,0,0,0.000418038,0.0132407,0.0159251,0.0334069,0.0644749,0.0734059,0.0628566,0.0798346,0.0753992,0.0315688,0.113584,0.0664539}:
{0,97,0,0,0,0,0,0,0,0,0,0,0,0,0,0,0,0,0,0,0,0,0,0,0,0,0,0,0,0,0,0,0,0,0,0,0,0,0,0,0,0,0,0,0,0,0,0,0,0,0,0,0,0,0,0,0,0,0,0,0,0,0,0,0,0,0,0,0,0,0,0,0,0,0,0,0,0,0,0,0,0,0,0,0,0,0,0,0,0,0.00047123,0.00467256,0.0439943,0.0640484,0.0754707,0.0549376,0.0352632,0.0378826,0.0923504,0.445154};
>
