energy(#app_anut)<
@energy =
{0,97,0,0,0,0,0,0,0,0,0,0,0,0,0,0,0,0,0,0,0,0,0,0,0,0,0,0,0,0,0,0,0,0,0.0133481,0,0.03397,0.00616359,0.0181524,0.0141264,0.00952305,0.0418729,0.0156105,0.0234406,0,0.0192722,0.00984373,0,0.00339447,0,0.00544615,0.00308905,0.00280995,0.0183048,0.0138489,0,0.00705965,0.0222518,0.00293203,0.00301944,0.00899632,0.00578238,0.00537587,0.0025308,0,0.00314127,0.0100688,0,0.0125771,0,0.0030129,0.0178513,0.00522013,0,0.0131211,0.00296931,0.00234374,0,0.00703658,0,0.00928729,0,0.00298321,0.00249009,0.00277138,0.00155171,0.0049167,0.00125073,0.0010989,0.00274131,0,0.00222939,0.00064422,0.000836249,0,0,0,0,0,0}:
{0,97,0,0,0,0,0,0,0,0,0,0,0,0,0,0,0,0,0,0,0,0,0,0,0,0,0,0,0,0,0,0,0,0,0,0.0251078,0.03397,0.0202275,0.013913,0.0565055,0.00952305,0,0,0.0101707,0.0142529,0.0201366,0.00984373,0,0.0145343,0.0192015,0.00272308,0,0.0120315,0.00557773,0,0,0.00235322,0.0125969,0,0.00990908,0,0.0123794,0,0.0025308,0.0132833,0.00314127,0.00306811,0.00275906,0.00781466,0.00262376,0,0,0.00856562,0.0122369,0.00815262,0,0,0,0.0140732,0,0.00761968,0,0.00160042,0.00257481,0.0012945,0.00243307,0.000975081,0.00163184,0.00601056,0.00125297,0.00470557,0.00596293,0.00116313,0.000836249,0,0,0,0,0,0}:
{0,97,0,0,0,0,0,0,0,0,0,0,0,0,0,0,0,0,0,0,0,0,0,0,0,0,0,0,0,0,0,0,0,0,0.0438053,0.0251078,0.03397,0,0,0,0,0.0126706,0,0.0101707,0,0,0,0,0.0145343,0.0317278,0.0089365,0,0.0056199,0,0,0.00876386,0.00772271,0.00294199,0.00293203,0,0,0,0.0080638,0.00830548,0,0.0103089,0,0,0.0156293,0,0,0.00774557,0.00261006,0,0,0,0,0.00282685,0.00214414,0,0,0,0.000303009,0.000601342,0.00637239,0.00222207,0.00352501,0,0.0014652,0.00452963,0.00170094,0.0018073,0.00064422,0.000158328,0.00102081,0,0,0,0,0.0463746}:
{0,97,0,0,0,0,0,0,0,0,0,0,0,0,0,0,0,0,0,0,0,0,0,0,0,0,0,0,0,0,0,0,0,0,0,0.0251078,0.0103511,0.0202275,0.013913,0.0141264,0.00952305,0.0126706,0.0239294,0.016369,0,0,0,0.00658493,0.00339447,0,0.0089365,0.00308905,0.0092216,0.0119413,0.0112268,0.00584258,0,0,0.00962224,0.00603887,0.0226813,0.00289119,0,0.00830548,0.010181,0.00314127,0.016205,0,0.00476247,0.0112343,0.0030129,0.0101058,0.00261006,0,0.00248422,0.00296931,0.0100353,0,0,0.00205806,0.00232182,0.0193207,0.00220644,0.000902013,0.00725208,0.0018455,0.00417507,0.00163184,0.00277053,0.00494728,0.00328995,0.000844185,0.00174469,0.00151417,0.000622111,0.00268783,0,0,0,0}:
{0,97,0,0,0,0,0,0,0,0,0,0,0,0,0,0,0,0,0,0,0,0,0,0,0,0,0,0,0,0,0,0,0,0,0.0876106,0.00765069,0,0.0325547,0,0.0466836,0.0285691,0.00386092,0.0156105,0.00929747,0.0109241,0,0.022687,0.00329247,0.00339447,0.0125263,0.0268095,0.0132266,0.0148415,0.017519,0.0198317,0.00292129,0.00470643,0.0125969,0.0154863,0,0.0256801,0,0.00537587,0.0184287,0,0.00314127,0.00306811,0.0118137,0.00238124,0,0.0030129,0.00236018,0.00856562,0.00285791,0.0156053,0.0127139,0.00234374,0.0149307,0.00428829,0.00205806,0.00232182,0.00225616,0.00579567,0.00416288,0.00619001,0.00503171,0.00473354,0.00402592,0.00120211,0.00345895,0.00680377,0.00319251,0.00159203,0.000836249,0.0039956,0,0.00169972,0,0,0}:
{0,97,0,0,0,0,0,0,0,0,0,0,0,0,0,0,0,0,0,0,0,0,0,0,0,0,0,0,0,0,0,0,0,0,0.0133481,0.0251078,0,0.0404549,0.0278259,0.0423791,0.00952305,0,0.0478588,0.0234406,0.0218483,0.0201366,0.00599904,0.00329247,0.0111399,0.0154518,0.0295326,0.0101376,0.0204614,0.0091524,0.0363025,0.0154296,0.0194888,0.00965492,0.0192445,0.0189674,0.00599755,0.0152706,0.0115091,0.0133671,0.00310229,0.0103089,0.0192731,0.00551813,0,0.00524752,0.0129005,0.00472037,0.0111757,0,0.0131211,0.0127139,0.00468748,0.0242078,0.013469,0.00675407,0.00761968,0.0170645,0.00912877,0.00755498,0.00937621,0.00775857,0.00399191,0.00391853,0.0032967,0.00399429,0.00397252,0.00277042,0.00363062,0.00131123,0.00297479,0.00125548,0.00169972,0,0,0}:
{0,97,0,0,0,0,0,0,0,0,0,0,0,0,0,0,0,0,0,0,0,0,0,0,0,0,0,0,0,0,0,0,0,0,0,0.0404092,0.03397,0.0263911,0.0502178,0.0282528,0.040994,0.0380119,0.0156105,0.016369,0,0.0363408,0.0423744,0.0347801,0.0556993,0.0288023,0.0116596,0.0194047,0.026873,0.0147301,0.0310585,0.0250165,0.00705965,0.00588398,0.0154863,0.025857,0.0295238,0.00289119,0.0222608,0.0325088,0.00310229,0.0125651,0,0.0263864,0.00238124,0.00262376,0.0030129,0.0101058,0.0182704,0.00571582,0.00248422,0.032203,0.0224144,0.0149307,0.0162173,0.0223203,0.0175612,0.00966033,0.0125004,0.00794037,0.0105795,0.0176938,0.0026918,0.00544299,0.00470524,0.00661792,0.00589733,0.00711028,0.00542827,0.00110829,0.00186633,0.00268783,0,0,0,0}:
{0,97,0,0,0,0,0,0,0,0,0,0,0,0,0,0,0,0,0,0,0,0,0,0,0,0,0,0,0,0,0,0,0,0,0.0438053,0.0829741,0.0103511,0.101137,0.0308709,0.0282528,0.0314709,0.0330631,0.0275752,0.0101707,0.050354,0.0232046,0.0423744,0.0488777,0.0469975,0.0213027,0.0205961,0.0599549,0.0140497,0.0119413,0.0224537,0.0375248,0.0147824,0.0214229,0.0376628,0.0129285,0.0355214,0.0247588,0.016885,0.0025308,0.0265666,0,0.0153405,0.0263864,0.00781466,0.0396898,0.0189263,0.00708055,0.0197413,0.0150948,0.0269421,0.00890792,0.00468748,0.0177576,0.0107207,0.0108702,0.0251809,0.0164288,0.00982017,0.0138608,0.011318,0.0157655,0.00983341,0.00881406,0.00617044,0.00125297,0.00459364,0.00891758,0.00518734,0.00761546,0.0043943,0.00125548,0,0,0,0}:
{0,97,0,0,0,0,0,0,0,0,0,0,0,0,0,0,0,0,0,0,0,0,0,0,0,0,0,0,0,0,0,0,0,0,0,0.0753234,0.03397,0.0870735,0.013913,0.0325573,0.0219479,0.0330631,0.0634694,0.0539527,0.0142529,0.0394088,0.0295312,0.0639029,0.0213233,0.0213027,0.00272308,0.00617811,0.0176514,0.0513397,0.0157321,0.0404461,0.0248583,0.0273069,0.0146601,0.00301944,0.0188376,0.0247588,0.0195729,0.0350396,0.0194879,0.0103089,0.016205,0.035441,0.00476247,0.0303399,0.0584769,0.0101058,0.0137857,0.0301896,0.0149053,0.0186525,0.00703122,0.0262381,0.0156132,0.0196823,0.016907,0.00676847,0.0205025,0.0135219,0.0172755,0.0169033,0.0149836,0.0105533,0.00773885,0.00894157,0.0107148,0.00680711,0.00692233,0.000791638,0.00235268,0.00125548,0,0.0162122,0,0}:
{0,97,0,0,0,0,0,0,0,0,0,0,0,0,0,0,0,0,0,0,0,0,0,0,0,0,0,0,0,0,0,0,0,0,0.0571534,0.0502156,0,0.0809099,0.0320654,0.0368618,0.0124249,0.0292022,0.0275752,0.0336113,0.0308966,0.0162042,0.0316855,0.0465129,0.0649263,0.0597058,0.0205961,0.0396798,0.0657776,0.0358238,0.0408078,0.0337804,0.0272115,0.0273069,0.0347308,0.0241555,0.053514,0.0181618,0.0080638,0.0234903,0.0155115,0.0434918,0.0223413,0.0535502,0.0125771,0.0217294,0.0455764,0.0249319,0.0216159,0.0179527,0.00745265,0.0305297,0.017727,0.0149307,0.0183614,0.00675407,0.0298245,0.00451231,0.0230504,0.0159655,0.0107208,0.0114496,0.00965025,0.0149603,0.0119746,0.00757091,0.0153085,0.00861442,0.0066364,0.00397831,0.000622111,0.000627738,0.00169972,0,0,0}:
{0,97,0,0,0,0,0,0,0,0,0,0,0,0,0,0,0,0,0,0,0,0,0,0,0,0,0,0,0,0,0,0,0,0,0,0.0753234,0.10191,0.0404549,0.0877172,0.0423791,0.0380922,0.0126706,0.0395399,0.0499803,0.0579494,0.0464091,0.0128432,0.0108051,0.0179288,0.0154518,0.0645113,0.0233642,0.0529543,0.0258856,0.0449074,0.0471118,0.021842,0.0533296,0.00879609,0.0517141,0.0295238,0.0123794,0.0487243,0.0433451,0.0460544,0.022874,0.0192731,0.0263864,0.0125771,0.0277162,0.0477403,0.0225717,0.0156604,0.0309949,0.0149053,0.0283971,0.0200707,0.0455887,0.00643243,0.0461187,0.016907,0.023833,0.0211085,0.0163509,0.0092439,0.0118261,0.0230087,0.0120777,0.0108757,0.0128182,0.0100937,0.00807339,0.00562593,0.00314206,0.00257609,0.00251095,0.00169972,0,0,0}:
{0,97,0,0,0,0,0,0,0,0,0,0,0,0,0,0,0,0,0,0,0,0,0,0,0,0,0,0,0,0,0,0,0,0,0.0876106,0.0251078,0.112261,0.0809099,0.0780438,0.0368618,0.040994,0.0622654,0.0515047,0.0358372,0.0327724,0.0534095,0.0483735,0.0324153,0.0513484,0.0346533,0.0377018,0.0365908,0.0665694,0.0330349,0.0284365,0.00958698,0.0355973,0.0466167,0.00586406,0.0189674,0.0286789,0.0379528,0.0222608,0.0184287,0.0225902,0.0403506,0.0223413,0.0236273,0.0282064,0.0250924,0.0210903,0.00944073,0.0249614,0.0150948,0.0368789,0.0216218,0.0147228,0.0363117,0.00643243,0.0196823,0.0122633,0.00676847,0.0231442,0.0131365,0.0162635,0.0246537,0.0142922,0.0141981,0.0128104,0.00817087,0.0132103,0.0107249,0.00565328,0.00522043,0.00297479,0,0,0,0,0}:
{0,97,0,0,0,0,0,0,0,0,0,0,0,0,0,0,0,0,0,0,0,0,0,0,0,0,0,0,0,0,0,0,0,0,0.0438053,0.0327585,0.0103511,0,0.013913,0.0368618,0.0563206,0.0798848,0.0275752,0.0539527,0.0209103,0.0564774,0.0256865,0.0347801,0.0213233,0.0250525,0.0555748,0.0295423,0.0389046,0.0139443,0.0131101,0.04921,0.0681783,0.0302489,0.0272144,0.0288765,0.0239902,0.048703,0.0203303,0.0158979,0.0256924,0.0372093,0.0324101,0.0263864,0.0485982,0.0640429,0.0425635,0.0249319,0.033527,0.0150948,0.0248422,0.0186525,0.0117187,0.0205844,0.0367229,0.0264364,0.0298245,0.0193207,0.0249154,0.0238211,0.0148778,0.0162703,0.0144754,0.0141497,0.00920406,0.00650023,0.0127011,0.00476195,0.00824608,0.0056508,0.00532747,0.00412018,0,0,0,0}:
{0,97,0,0,0,0,0,0,0,0,0,0,0,0,0,0,0,0,0,0,0,0,0,0,0,0,0,0,0,0,0,0,0,0,0.0571534,0.0502156,0.10191,0.0606824,0.0417389,0.0368618,0.0438958,0.0672142,0.0156105,0.0406828,0.0318345,0.0433412,0.0295312,0.0140976,0.0213233,0.0576046,0.0501286,0.0163157,0.029683,0.0406157,0.0198317,0.0329573,0.0278746,0.00882597,0.0339046,0.0327467,0.0385202,0.0524088,0.0337699,0.0382835,0.0194879,0.022874,0.0192731,0.0319045,0.0401126,0.0172211,0.0090387,0.0458084,0.00261006,0.0179527,0.0131211,0.0305297,0.030106,0.0270346,0.025398,0.0170444,0.00464365,0.0386413,0.0185137,0.0251932,0.0190349,0.0175736,0.0194837,0.0121851,0.0169429,0.0138889,0.00839277,0.0144584,0.00579625,0.00386459,0.00430666,0.000627738,0,0,0,0}:
{0,97,0,0,0,0,0,0,0,0,0,0,0,0,0,0,0,0,0,0,0,0,0,0,0,0,0,0,0,0,0,0,0,0,0,0.0502156,0,0.0202275,0.0181524,0.0141264,0.050517,0.0126706,0.0156105,0.0225673,0.050354,0.0192722,0.0218418,0.0530978,0.0358576,0.0405043,0.0404249,0.0224938,0.0417145,0.0111555,0.062117,0.00292129,0.0557491,0.0251938,0.0368367,0.0150972,0.0278339,0.0429206,0.0636787,0.0101232,0.0398499,0.022874,0.0508187,0.0263864,0.022773,0.0475611,0.0378527,0.0148261,0.0163958,0.0403739,0.0375789,0.0440802,0.0377977,0.0262381,0.052336,0.0331904,0.0314921,0.0334933,0.0313171,0.0186715,0.0199557,0.00960407,0.0228255,0.0166995,0.0117115,0.0115652,0.00618265,0.00596293,0.0084067,0.00433957,0.00390796,0.00474792,0.00557809,0,0,0}:
{0,97,0,0,0,0,0,0,0,0,0,0,0,0,0,0,0,0,0,0,0,0,0,0,0,0,0,0,0,0,0,0,0,0,0,0.0251078,0.0782912,0.0202275,0.0417389,0.0411663,0.040994,0.0506826,0.0119647,0.0265397,0.0175816,0.0928183,0.0877484,0.0714156,0.0469975,0.0797317,0.0233191,0.0529064,0.026873,0.0147301,0.0224537,0.0279378,0.0319179,0.0281358,0.0531491,0.0646426,0.0256801,0.0239442,0.0249488,0.046589,0.0256924,0.0197327,0.029342,0.0618274,0.0221021,0.0363267,0.0219392,0.026627,0.0137857,0.0244738,0.0187895,0.0283971,0.0608725,0.0262381,0.0544802,0.0176242,0.0275027,0.0260891,0.0185137,0.0220171,0.0181552,0.0184096,0.0141503,0.0157225,0.0152146,0.00977689,0.0168975,0.0107249,0.00671671,0.00413663,0.00195398,0.00331556,0,0,0,0}:
{0,97,0,0,0,0,0,0,0,0,0,0,0,0,0,0,0,0,0,0,0,0,0,0,0,0,0,0,0,0,0,0,0,0,0.0876106,0.0578663,0,0.0404549,0.0459784,0.0466836,0.0629419,0.0369241,0.031221,0.0367104,0.0327724,0.0424767,0.0196875,0.0530978,0.0290687,0.0242282,0.0163385,0.0365908,0.0112398,0.0230967,0.0183541,0.0337804,0.0312549,0.0369618,0.0301464,0.0646426,0.0286789,0.0305412,0.0222608,0.0317957,0.0225902,0.0300417,0.0192731,0.0200909,0.0149584,0.0310792,0.0150645,0.0165213,0.0361371,0.0200054,0.0482157,0.0186525,0.0247582,0.0298615,0.0241897,0.0299726,0.0321463,0.0312371,0.0253891,0.00952845,0.0218063,0.014342,0.0107169,0.011804,0.0100399,0.0119829,0.00958453,0.00560614,0.00977545,0.00578464,0.00665933,0.000627738,0,0,0,0}:
{0,97,0,0,0,0,0,0,0,0,0,0,0,0,0,0,0,0,0,0,0,0,0,0,0,0,0,0,0,0,0,0,0,0,0.0876106,0,0.112261,0.0404549,0.0556518,0.0565055,0.0666613,0.0253413,0.0395399,0.0508535,0.0536828,0.0201366,0.0453739,0.0455852,0.0537864,0.00960077,0.0493614,0.0467283,0.0601577,0.0386127,0.062117,0.0462887,0.021842,0.0495587,0.0309726,0.0250063,0.054359,0.034247,0.0372152,0.029265,0.0367476,0.0197327,0.0534122,0.0409591,0.0438358,0.0243531,0.0356887,0.0569443,0.0223514,0.0179527,0.0131211,0.0364683,0.0247582,0.0334848,0.0177573,0.0299726,0.0215506,0.0254534,0.0246977,0.0234357,0.0219887,0.0193737,0.0162424,0.0159963,0.0130735,0.0151418,0.00595878,0.0137985,0.00982046,0.00745714,0.00328584,0.00268783,0,0,0,0}:
{0,97,0,0,0,0,0,0,0,0,0,0,0,0,0,0,0,0,0,0,0,0,0,0,0,0,0,0,0,0,0,0,0,0,0.144764,0.0753234,0.03397,0.0809099,0.0320654,0.0890628,0.0190461,0.0253413,0.0634694,0.0336113,0.0327724,0.0433412,0.0672158,0.0347801,0.0145343,0.0442541,0.0528517,0.0458579,0.0260813,0.0266714,0.0303197,0.0250165,0.0241952,0.01471,0.0272144,0.0129285,0.0316777,0.02765,0.0391458,0.012654,0.0186137,0.0260153,0.00613622,0.0220725,0.0329689,0.00787128,0.0326758,0.0373978,0.0439673,0.0236685,0.0212737,0.0254278,0.0224144,0.0177576,0.0226497,0.0223203,0.0291703,0.0203054,0.0184668,0.0185403,0.0194497,0.0137999,0.0108085,0.0139833,0.0145387,0.0114475,0.0117947,0.0136142,0.0096678,0.00402292,0.00226503,0.00474792,0,0,0,0}:
{0,97,0,0,0,0,0,0,0,0,0,0,0,0,0,0,0,0,0,0,0,0,0,0,0,0,0,0,0,0,0,0,0,0,0.0438053,0.0251078,0.03397,0,0.0834778,0.0043045,0.040994,0.0292022,0.0541232,0.0101707,0.0361011,0.0363408,0.0128432,0.0140976,0.0547429,0.0146275,0.0116596,0.0357204,0.0481262,0.0485509,0.0250757,0.0337804,0.0147824,0.00588398,0.0493909,0.0555843,0.0218364,0.0363236,0.016885,0.0108363,0.06244,0.022874,0.0477506,0.0193134,0.0180105,0.033703,0.0370038,0.0219067,0.0420927,0.0273317,0.0205737,0.0343357,0.0548642,0.0242078,0.013469,0.0434807,0.00464365,0.0386413,0.0189874,0.0267431,0.0246689,0.0181158,0.0129921,0.0168659,0.0104062,0.00935923,0.0130983,0.0130732,0.00839874,0.00777379,0.00430666,0.00188321,0.00169972,0.0211523,0.0461574,0}:
{0,97,0,0,0,0,0,0,0,0,0,0,0,0,0,0,0,0,0,0,0,0,0,0,0,0,0,0,0,0,0,0,0,0,0,0.0753234,0,0.0466185,0.0502178,0.0423791,0.0219479,0.0798848,0.0395399,0.0203414,0.0470253,0.0332729,0.0445288,0.0324153,0.0426466,0.0442541,0.0404249,0.0132266,0.0232713,0.0238825,0.0508902,0.0404461,0.032581,0.0407327,0.0405948,0.0250063,0.0278339,0.0400294,0.0399032,0.0234903,0.0531331,0.0300417,0.0424789,0.00827719,0.0173396,0.0355875,0.0249521,0.0124659,0.0480482,0.0208106,0.0343947,0.00593861,0.0277623,0.030658,0.0156132,0.0373066,0.0778644,0.0164288,0.0201995,0.0205602,0.0197734,0.0166095,0.00955866,0.0227384,0.0176188,0.0158595,0.0107148,0.0147616,0.00952483,0.00766008,0.00430666,0.00268783,0.00169972,0,0,0}:
{0,97,0,0,0,0,0,0,0,0,0,0,0,0,0,0,0,0,0,0,0,0,0,0,0,0,0,0,0,0,0,0,0,0,0.0438053,0,0.0103511,0,0.0834778,0.0043045,0.0380922,0.0126706,0.0873988,0.0508535,0.0318345,0.0131363,0.00599904,0.0488777,0.0402085,0.033829,0.0582979,0.048947,0.0332847,0.0358238,0.0501514,0.0521313,0.0403037,0.0243649,0.0213504,0.0357661,0.0119951,0.0247588,0.0203303,0.0216726,0.0327712,0.0434918,0.0262739,0.0417365,0.0125771,0.010495,0.0219392,0.0528889,0.0223514,0.0322423,0.0475158,0.0313664,0.0454893,0.0121039,0.00428829,0.0279145,0.0344682,0.0141726,0.0259952,0.025278,0.0168607,0.0152234,0.0158671,0.0186051,0.0162103,0.0127005,0.010379,0.00807339,0.00964218,0.00772918,0.00563852,0.00125548,0.00169972,0,0,0}:
{0,97,0,0,0,0,0,0,0,0,0,0,0,0,0,0,0,0,0,0,0,0,0,0,0,0,0,0,0,0,0,0,0,0,0.0876106,0,0.0679401,0.0466185,0.013913,0.0466836,0.050517,0.0457338,0.0431858,0.016369,0.0722023,0.0324084,0.0453739,0.0446575,0.0256742,0.0309035,0.0377018,0.0427689,0.0360946,0.0266714,0.0112268,0.0271147,0.0171356,0.0340198,0.0251085,0.0150972,0.0218364,0.0218676,0.0372152,0.0419189,0.0163856,0.00942381,0.0192731,0.0374226,0.022773,0.0277162,0.0219392,0.0475036,0.0301816,0.0273317,0.0131211,0.00890792,0.0247582,0.0113074,0.0232539,0.0270163,0.0450639,0.0215768,0.0244801,0.014894,0.0157075,0.011284,0.0193921,0.01284,0.0148483,0.0144888,0.00850471,0.0106059,0.0109739,0.00409202,0.00430666,0.006808,0.00169972,0,0,0}:
{0,97,0,0,0,0,0,0,0,0,0,0,0,0,0,0,0,0,0,0,0,0,0,0,0,0,0,0,0,0,0,0,0,0,0,0,0,0.0263911,0.013913,0.0325573,0.0571383,0.0545435,0.031221,0.0398096,0.0361011,0.0332729,0.0415293,0.0206825,0.0290687,0.0434298,0.0205961,0.0467283,0.0140497,0.035038,0.0336805,0.0250165,0.0497166,0.0533296,0.0234562,0.0280257,0.0453627,0.0363236,0.0107517,0.0357527,0.0296689,0.0426067,0.0354782,0.045273,0.0353501,0.0415743,0.0447274,0.0171863,0.0327916,0.0265265,0.0418474,0.0411109,0.0200707,0.0427619,0.0211097,0.0108702,0.0285161,0.018685,0.0185137,0.0258793,0.0234655,0.0161875,0.0183254,0.0132211,0.018145,0.0155595,0.0128745,0.0100649,0.00896265,0.00497288,0.00572617,0.00125548,0.0111562,0,0,0}:
{0,97,0,0,0,0,0,0,0,0,0,0,0,0,0,0,0,0,0,0,0,0,0,0,0,0,0,0,0,0,0,0,0,0,0.0438053,0.0251078,0,0.0202275,0.0278259,0.0847583,0.0314709,0.0253413,0,0.016369,0.0679356,0.0726817,0.0325307,0.01739,0.0213233,0.0471796,0.0260422,0.0357204,0.026873,0.0230967,0.0250757,0.0250165,0.00941287,0.0310778,0.0272144,0.0318959,0.0218364,0.021053,0.016885,0.0209595,0.0163856,0.0219889,0.0232057,0.0374226,0.0485982,0.00524752,0.0219392,0.0296522,0.0190059,0.0236685,0.0237579,0.0313664,0.0194103,0.0455887,0.0156132,0.0243783,0.0116091,0.0260891,0.0286754,0.0230038,0.0188025,0.0166923,0.0204587,0.0184977,0.0152146,0.0162771,0.00748634,0.00807339,0.00983811,0.00935707,0.00453007,0.00949583,0,0,0,0}:
{0,97,0,0,0,0,0,0,0,0,0,0,0,0,0,0,0,0,0,0,0,0,0,0,0,0,0,0,0,0,0,0,0,0,0,0.0251078,0.03397,0,0.0278259,0,0.0285691,0.00386092,0.0156105,0.0367104,0.0285057,0.0402732,0.022687,0.0206825,0.0324631,0.0442541,0.0171057,0.00926716,0.0168597,0.0421873,0.0224537,0.0116852,0.0225051,0.0503877,0.0251085,0.0181166,0.0179926,0.0495176,0.0215035,0.0574253,0.00620458,0.0134502,0.0223413,0.00275906,0.0251543,0.0250924,0.0159134,0.00944073,0.030917,0.0179527,0.0350947,0.00296931,0.0100353,0.0169611,0.0275422,0.0237984,0.0116091,0.0267248,0.0234003,0.0210304,0.01857,0.0246992,0.0163339,0.0164848,0.0136462,0.0100769,0.00879003,0.0126511,0.00819312,0.00637334,0.00155528,0.00537565,0.00679889,0.00494009,0.0461574,0}:
{0,97,0,0,0,0,0,0,0,0,0,0,0,0,0,0,0,0,0,0,0,0,0,0,0,0,0,0,0,0,0,0,0,0,0,0.0251078,0.03397,0.0202275,0,0.0141264,0.0190461,0.0545435,0.0119647,0.0367104,0.0655448,0.0262725,0.0158428,0.0347801,0.00678895,0.0288023,0,0.0396798,0.0204614,0.0119413,0.00786603,0.0279378,0.0248583,0.0310778,0.0213504,0.0349153,0.0158388,0.0181618,0.031082,0.0267342,0.00930687,0.0237591,0.0354782,0.0173318,0.0305877,0.0112343,0.0060258,0.0279571,0.033527,0.0330475,0.0269421,0.0275604,0.030106,0.0242078,0.013469,0.0243783,0.00761968,0.028981,0.0162219,0.0176,0.014413,0.014553,0.0171672,0.0132211,0.0208589,0.0132358,0.0113974,0.0187983,0.0116631,0.00612579,0.0071938,0.00806348,0.0106773,0,0,0}:
{0,97,0,0,0,0,0,0,0,0,0,0,0,0,0,0,0,0,0,0,0,0,0,0,0,0,0,0,0,0,0,0,0,0,0.0133481,0.0502156,0,0.0202275,0.0417389,0.0141264,0.0190461,0.0380119,0.0515047,0.0132699,0.0318345,0,0.0196875,0.0140976,0.0111399,0.0250525,0.0198288,0.00617811,0.029683,0.0230967,0.0190929,0.0279378,0.0171356,0.00965492,0.0242824,0.0288765,0.0248352,0.00289119,0.0345273,0.0133671,0.0296689,0.00314127,0.0254094,0.0444956,0.0377314,0.0250924,0.0030129,0.00944073,0.0190059,0.0114316,0.0294263,0.0216218,0.0217541,0.0234113,0.0247939,0.0155662,0.0122633,0.0386413,0.0313556,0.0281534,0.0147366,0.0168578,0.021292,0.0166511,0.0219578,0.0191361,0.0157057,0.0226507,0.0076389,0.00928796,0.00594958,0.00376643,0,0,0,0}:
{0,97,0,0,0,0,0,0,0,0,0,0,0,0,0,0,0,0,0,0,0,0,0,0,0,0,0,0,0,0,0,0,0,0,0,0,0.0443212,0,0,0.0141264,0.0343727,0.0165316,0.031221,0.0367104,0.00665747,0.0262725,0.0423744,0.0216102,0.0222797,0.00877647,0.0295326,0.00617811,0.0140497,0.00836659,0.0172097,0.0337804,0.0194888,0.0184809,0.0184183,0.0280257,0.0218364,0.02765,0.0188155,0.0675485,0.0296689,0.0197327,0.00613622,0.0145727,0.0156293,0.0243531,0.0189263,0.0296522,0.0163958,0.0273317,0.0131211,0.0275604,0.0147228,0.0205844,0.0113249,0.00205806,0.0222048,0.0363852,0.0158335,0.0184555,0.0228684,0.0166468,0.0135506,0.00870668,0.0221642,0.0178831,0.0172947,0.0126511,0.0106783,0.00644244,0.00594958,0.00331556,0.00679889,0.0211523,0,0}:
{0,97,0,0,0,0,0,0,0,0,0,0,0,0,0,0,0,0,0,0,0,0,0,0,0,0,0,0,0,0,0,0,0,0,0,0.0251078,0,0.0202275,0.013913,0,0.0190461,0.0165316,0.00729163,0.0508535,0.00332874,0.0100683,0.0355302,0.0314876,0.0479539,0.00877647,0.0205961,0.0101376,0.0260813,0.0330349,0.0258145,0.0271147,0.0332441,0.0243649,0.0117281,0.0228376,0.0286789,0.0123794,0.0257061,0.0458759,0.0256924,0.0403506,0.0214768,0.0173318,0.0251543,0.0423135,0.0387016,0.0124659,0.00261006,0.0416213,0.0156053,0.037305,0.0200707,0.0205844,0.0107207,0.00823223,0.0139309,0.00966033,0.01769,0.0180702,0.0222211,0.0131668,0.019067,0.00908779,0.0130735,0.0254541,0.0108882,0.00837655,0.00899796,0.0067346,0.00186633,0.006808,0.00339945,0,0,0}:
{0,97,0,0,0,0,0,0,0,0,0,0,0,0,0,0,0,0,0,0,0,0,0,0,0,0,0,0,0,0,0,0,0,0,0,0,0,0,0.013913,0.0141264,0.0219479,0.0126706,0.0156105,0.016369,0.0175816,0,0.0256865,0.0357078,0.00678895,0.0346533,0.0446825,0.0264532,0.0184432,0.00836659,0.0138489,0.00292129,0.032581,0.0281358,0.0397687,0.00905831,0.00599755,0.0123794,0.0115091,0.0408143,0.00930687,0.0237591,0.0262739,0.0173318,0.00714371,0.00787128,0.0189263,0.0202115,0.0137857,0.0150948,0.0124211,0.0156832,0.0100353,0.0113074,0.0205056,0.0196823,0.0116091,0.0312371,0.0180784,0.0172529,0.0215739,0.0147186,0.0127587,0.0158299,0.0162103,0.0172301,0.00816891,0.0143395,0.00923889,0.00696204,0.00515218,0.00188321,0.00509917,0.00494009,0,0}:
{0,97,0,0,0,0,0,0,0,0,0,0,0,0,0,0,0,0,0,0,0,0,0,0,0,0,0,0,0,0,0,0,0,0,0,0,0.03397,0,0,0.0141264,0.0124249,0.0165316,0.0192563,0.0203414,0.0109241,0.0302049,0.0256865,0.00329247,0.0256742,0.00960077,0.0143826,0.0335017,0.0148415,0.0302461,0.0138489,0.0441905,0.0456732,0.0281358,0.0213504,0.0250063,0.0218364,0.0268354,0.0222608,0.0317957,0.0163856,0,0.016205,0.00827719,0.0125771,0,0.0159134,0.0148261,0.0283069,0.0330475,0.0106368,0.0381416,0.030106,0.00848054,0.0211097,0.0108702,0.0192288,0.0170645,0.0174724,0.020645,0.0132597,0.0163157,0.0148004,0.0122441,0.0141157,0.0110299,0.00788359,0.00530297,0.00811281,0.00549248,0.00768014,0,0.00727781,0,0,0}:
{0,97,0,0,0,0,0,0,0,0,0,0,0,0,0,0,0,0,0,0,0,0,0,0,0,0,0,0,0,0,0,0,0,0,0,0,0,0,0,0.0141264,0.00952305,0,0.0192563,0.0203414,0.0175816,0.0232046,0.00299952,0.0216102,0.0222797,0.022127,0.0233191,0.0194047,0.0304747,0.0210937,0.0172097,0.0375248,0.0100759,0.0155389,0.0184183,0.0318959,0.00299877,0.0218676,0.0337699,0.0184287,0.0124092,0.0269004,0.0223413,0,0.0149584,0.0389505,0.0060258,0.0225717,0.0104403,0.0122369,0.0106368,0.00593861,0.0123791,0.0234113,0.0128649,0.0196823,0.0298245,0.00676847,0.0105116,0.0137378,0.0177905,0.0127075,0.0125755,0.0119704,0.011242,0.0101945,0.0140048,0.00807339,0.0104903,0.0056508,0.00248844,0.00806348,0.00339945,0,0,0}:
{0,97,0,0,0,0,0,0,0,0,0,0,0,0,0,0,0,0,0,0,0,0,0,0,0,0,0,0,0,0,0,0,0,0,0,0,0,0,0.013913,0,0,0,0.0156105,0.0203414,0.0142529,0,0.00899856,0.0140976,0.0111399,0.00585098,0.0143826,0.0365908,0.026873,0.017519,0.0190929,0.0241934,0.0201519,0.0184809,0.0242824,0.00301944,0.0513602,0.0334324,0.0161276,0.00759239,0.010181,0.0426067,0.0122724,0.0145727,0.0275355,0.0224687,0.0249521,0.00236018,0.0171312,0.0122369,0.0212737,0.0127139,0.0347935,0.00565369,0.0324346,0.0284944,0.0192288,0.0267248,0.0223205,0.0161814,0.0170932,0.00780402,0.00816697,0.0206181,0.00690304,0.0172301,0.0107763,0.0126511,0.0102494,0.00569542,0.00155528,0.00251095,0,0.0211523,0,0}:
{0,97,0,0,0,0,0,0,0,0,0,0,0,0,0,0,0,0,0,0,0,0,0,0,0,0,0,0,0,0,0,0,0,0,0,0,0,0,0,0,0,0.00386092,0,0,0.025177,0,0.0196875,0.00658493,0,0.0288023,0.0089365,0.0101376,0.0120315,0.0449762,0.0224537,0.0183508,0.0177986,0.00965492,0.0221765,0.0547335,0.00599755,0.021053,0.0080638,0.00759239,0.0358734,0.0663658,0.00920433,0,0.0125771,0.0224687,0.0030129,0.0326774,0.00856562,0.0208106,0.00815262,0.0156832,0.0147228,0.0197879,0.026938,0.0284944,0.00464365,0.0193207,0.0155305,0.013992,0.011318,0.011073,0.0168421,0.0154488,0.0115051,0.00620026,0.0137195,0.00849549,0.00854171,0.00820416,0.00523982,0.00313869,0.00727781,0.0260924,0,0}:
{0,97,0,0,0,0,0,0,0,0,0,0,0,0,0,0,0,0,0,0,0,0,0,0,0,0,0,0,0,0,0,0,0,0,0,0,0,0,0,0,0,0,0,0.0132699,0.00332874,0,0,0.0357078,0.0179288,0.00292549,0.0108923,0.0163157,0,0.0294603,0.0258145,0.00292129,0.0177986,0.00588398,0.0117281,0.00905831,0.00899632,0.0123794,0.016885,0,0.00310229,0.0197327,0.016205,0.00275906,0.0329689,0.0131188,0.0090387,0.0303173,0.00783019,0.0367107,0.0106368,0.00593861,0.0140624,0.00565369,0.0156132,0.0176242,0.0215506,0,0.0114206,0.0145933,0.0126125,0.0130841,0.0103003,0.0188199,0.0113452,0.0114475,0.0133837,0.0144584,0.00819312,0.00445329,0.00461771,0.00251095,0.00557809,0,0,0}:
{0,97,0,0,0,0,0,0,0,0,0,0,0,0,0,0,0,0,0,0,0,0,0,0,0,0,0,0,0,0,0,0,0,0,0,0,0,0,0,0,0.00290181,0,0,0,0,0.0201366,0.0325307,0.0108051,0.0213233,0.00960077,0.0116596,0.0233642,0.0120315,0.0441904,0.00860483,0.00292129,0.0255213,0.0176519,0.0376628,0.00990908,0.0128401,0.0371382,0.00882117,0.0158979,0.0429521,0.00628254,0.00920433,0.0263864,0.0173396,0.00262376,0.0356887,0.00472037,0.0163958,0.00571582,0.0319105,0,0.00769161,0.0149307,0.0226497,0.00411612,0.0152394,0.0215768,0.0172163,0.0190569,0.0139982,0.0130841,0.00775037,0.0165922,0.0142756,0.0161594,0.0178039,0.018073,0.0110639,0.00745714,0.0071938,0.00663113,0.00557809,0,0.0140648,0}:
{0,97,0,0,0,0,0,0,0,0,0,0,0,0,0,0,0,0,0,0,0,0,0,0,0,0,0,0,0,0,0,0,0,0,0,0,0,0,0,0,0,0,0,0.0132699,0.0109241,0.0100683,0,0,0.0111399,0.00292549,0.00544615,0.0132266,0.0148415,0.0119413,0.00786603,0.00584258,0.00235322,0.0125969,0.0154863,0.0120777,0.0128401,0.0239442,0.0257061,0.0025308,0.0194879,0.0269004,0.0122724,0.00551813,0.0203918,0.0138581,0.0030129,0.0178513,0.0137857,0.0142896,0.00496843,0.0224584,0.0294457,0.0242078,0.0394712,0.0196823,0.0099415,0.0193207,0.0162219,0.0143774,0.00877902,0.0136262,0.0110419,0.0141981,0.0124441,0.0159771,0.0133837,0.0103028,0.00670875,0.0050866,0.00697039,0.00457104,0.00557809,0.00494009,0,0}:
{0,97,0,0,0,0,0,0,0,0,0,0,0,0,0,0,0,0,0,0,0,0,0,0,0,0,0,0,0,0,0,0,0,0,0,0,0,0,0,0,0,0,0.0119647,0,0,0,0,0,0.0111399,0.00292549,0.0089365,0.00308905,0.0092216,0.00278886,0.0112268,0.0250165,0.0272115,0.0125969,0.00962224,0,0,0.0218676,0.0257061,0.0184287,0.00310229,0.022874,0.0131369,0.0145727,0.0173396,0.0284555,0.0129005,0.0124659,0.0223514,0.00571582,0.0262421,0.0156832,0.0100353,0.0270346,0.0410112,0.0155662,0.00928729,0.0170645,0.0107292,0.0149787,0.011318,0.0153061,0.0105337,0.0144718,0.0113452,0.0151418,0.0140048,0.0112659,0.00875703,0.00409202,0.00297479,0.00313869,0.00557809,0,0,0}:
{0,97,0,0,0,0,0,0,0,0,0,0,0,0,0,0,0,0,0,0,0,0,0,0,0,0,0,0,0,0,0,0,0,0,0,0,0,0,0,0,0,0,0,0.0101707,0,0,0,0,0,0,0,0.00617811,0.0112398,0.0358238,0.0396633,0.0154296,0,0.0155389,0.0184183,0.00990908,0.0226813,0.00867357,0.014197,0.0025308,0.010181,0.00942381,0.0223413,0.0118137,0.0101959,0.00524752,0,0.0303173,0.00783019,0,0.0131211,0,0.0170666,0,0.00428829,0.00881212,0.0175612,0.0164288,0.0114206,0.012874,0.0141805,0.00952129,0.0163752,0.0184388,0.0105094,0.00733555,0.01208,0.0108438,0.010079,0.00461162,0.00461771,0.00725887,0.00169972,0,0.0461574,0}:
{0,97,0,0,0,0,0,0,0,0,0,0,0,0,0,0,0,0,0,0,0,0,0,0,0,0,0,0,0,0,0,0,0,0,0,0,0,0,0,0,0,0,0,0,0,0,0.00984373,0,0.00339447,0,0.0089365,0,0.0120315,0.00557773,0.00524402,0.0125083,0.0255213,0.0193098,0.00879609,0.00990908,0.0286789,0.00578238,0.014197,0,0.0163856,0.0237591,0.00613622,0.00827719,0.0203918,0.0198449,0.0060258,0.00708055,0.00261006,0.0179527,0.00993687,0.00296931,0.0147228,0.0213809,0.0113249,0.00411612,0.0245267,0.0193207,0.0138832,0.0155801,0.0122888,0.0179048,0.015217,0.00620522,0.00967357,0.0109122,0.00958453,0.0094586,0.0110269,0.00601207,0.0027995,0.00125548,0.00339945,0,0,0}:
{0,97,0,0,0,0,0,0,0,0,0,0,0,0,0,0,0,0,0,0,0,0,0,0,0,0,0,0,0,0,0,0,0,0,0,0,0,0,0,0,0,0.0126706,0,0,0,0,0,0.0140976,0,0,0,0.0194047,0.00280995,0.00836659,0.0112268,0,0.0100759,0.00882597,0.0221765,0.00990908,0.00984128,0.00289119,0.00268793,0.0184287,0.0367476,0.0165915,0.0192731,0,0.00714371,0,0.0159134,0.0202115,0,0.00937899,0.0336948,0.00296931,0.0123791,0.00565369,0.0128649,0.0258565,0.0122633,0.0141726,0.0229651,0.0138226,0.0126125,0.00947584,0.0124336,0.00516926,0.0131767,0.0134712,0.0106029,0.00711028,0.00746859,0.00553709,0.00266373,0.00519878,0.00169972,0.00494009,0,0.0463746}:
{0,97,0,0,0,0,0,0,0,0,0,0,0,0,0,0,0,0,0,0,0,0,0,0,0,0,0,0,0,0,0,0,0,0,0,0,0,0,0,0,0,0,0.0119647,0,0,0,0,0,0,0.00960077,0.0205961,0.00617811,0,0.0183048,0,0.00958698,0.0302278,0.00882597,0.0125543,0.0219868,0.0158388,0.0123794,0.0176423,0.00506159,0.0155115,0.0165915,0.016205,0.0236273,0.00952494,0.0138581,0.028814,0.00236018,0.0283069,0.0150948,0.00815262,0.0156832,0.0170666,0.0149307,0.0199014,0.00881212,0.0099415,0.00451231,0.011506,0.0124039,0.0150602,0.0124965,0.0158671,0.0164848,0.0206525,0.0119829,0.0112855,0.0040367,0.00844374,0.00772918,0.00350925,0.00313869,0.00557809,0.00494009,0,0}:
{0,97,0,0,0,0,0,0,0,0,0,0,0,0,0,0,0,0,0,0,0,0,0,0,0,0,0,0,0,0,0,0,0,0,0,0,0,0,0,0,0,0,0,0,0,0,0,0,0.00339447,0,0.0089365,0.00308905,0,0.00278886,0.0112268,0.019174,0.0154454,0.0125969,0.00293203,0.00301944,0.00599755,0,0.016885,0.0101232,0.0132833,0.00314127,0.0100688,0.0110363,0.0101959,0,0.028814,0.0195465,0.00783019,0.00571582,0.00496843,0.0127139,0.00468748,0.00282685,0.0318305,0.00881212,0.00696547,0.0119165,0.00592793,0.0152794,0.00951746,0.0100634,0.00710031,0.0068011,0.0101431,0.00882389,0.00918728,0.0113848,0.00822843,0.00497288,0.00390796,0.000627738,0.00727781,0,0.0140648,0}:
{0,97,0,0,0,0,0,0,0,0,0,0,0,0,0,0,0,0,0,0,0,0,0,0,0,0,0,0,0,0,0,0,0,0,0,0,0,0,0,0,0,0,0,0,0,0,0,0,0,0,0,0.0132266,0,0,0,0,0.00235322,0.00294199,0.00586406,0.00990908,0.0158388,0.0152706,0.00882117,0.0025308,0.00620458,0.00942381,0.0100688,0.0263864,0.00781466,0,0.0129005,0.0124659,0.00261006,0.00857373,0.0156053,0.0216218,0.00468748,0.00927704,0.00643243,0.0243783,0.0215506,0,0.0125004,0.0129205,0.00471314,0.0118261,0.0126168,0.0161037,0.0143788,0.00954152,0.00918728,0.00614716,0.00830874,0.00648705,0.00390796,0.00537565,0.00339945,0.00494009,0,0}:
{0,97,0,0,0,0,0,0,0,0,0,0,0,0,0,0,0,0,0,0,0,0,0,0,0,0,0,0,0,0,0,0,0,0,0,0,0,0,0,0,0,0,0,0,0,0,0.00299952,0,0,0,0,0,0.00280995,0,0,0.00292129,0,0,0.00293203,0.00603887,0.00299877,0,0.0080638,0.0108363,0.020362,0.00314127,0.00613622,0.00275906,0.0305877,0.00524752,0.00988764,0.00472037,0.0163958,0.0114316,0.0187895,0.00974457,0.00234374,0.0185541,0.0113249,0.00411612,0.00696547,0.0119165,0.0111176,0.00845699,0.00993227,0.0130841,0.0110419,0.0105533,0.0119746,0.0109122,0.0128745,0.00753237,0.00914093,0.00653167,0.00506453,0.00600339,0.00509917,0,0,0.0463746}:
{0,97,0,0,0,0,0,0,0,0,0,0,0,0,0,0,0,0,0,0,0,0,0,0,0,0,0,0,0,0,0,0,0,0,0,0,0,0,0,0,0,0,0,0,0,0,0,0,0,0,0,0,0,0,0,0,0,0.00588398,0.00293203,0.00603887,0,0.00948821,0.00882117,0.0025308,0.0296689,0.0103089,0.00920433,0.0145727,0.0101959,0.00861057,0.0060258,0.0101058,0.0197413,0.0330475,0.0269421,0.00890792,0.0200707,0.00282685,0.0113249,0.0223203,0.0152394,0.0312371,0.0134948,0.00815632,0.0121977,0.0162703,0.00965025,0.0114819,0.00967357,0.0121005,0.0123038,0.00753237,0.00913123,0.00569542,0.00421901,0.0105744,0,0.00494009,0.0461574,0}:
{0,97,0,0,0,0,0,0,0,0,0,0,0,0,0,0,0,0,0,0,0,0,0,0,0,0,0,0,0,0,0,0,0,0,0,0,0,0,0,0,0,0,0,0,0,0,0,0,0,0,0,0,0,0,0,0,0,0.00588398,0.00586406,0.00990908,0.00599755,0.00289119,0,0.00830548,0.00310229,0.00314127,0.0324101,0.0118137,0.0149584,0.0138581,0,0.0124659,0.0163958,0,0,0.0156832,0.00703122,0.00565369,0.00703658,0.0378864,0.00696547,0.00966033,0.0128034,0.0124039,0.0117328,0.0129185,0.018092,0.00843295,0.0110356,0.0119829,0.00969646,0.00711028,0.00880999,0.00454251,0.00453007,0.00188321,0.00727781,0,0,0}:
{0,97,0,0,0,0,0,0,0,0,0,0,0,0,0,0,0,0,0,0,0,0,0,0,0,0,0,0,0,0,0,0,0,0,0,0,0,0,0,0,0,0,0,0,0,0,0,0,0,0,0.0089365,0,0,0,0.00262201,0,0,0,0.00962224,0.0129285,0,0.00289119,0,0.00830548,0.010181,0.00314127,0,0.0118137,0,0.0138581,0.0159134,0.0202115,0.00856562,0.0273317,0.00496843,0.0224584,0.0224144,0.0121039,0.0113249,0.0170444,0.00696547,0.0141726,0.0128888,0.00922777,0.0102559,0.00872271,0.0109504,0.0137096,0.00737255,0.0140065,0.0127011,0.00837655,0.00954248,0.00763996,0.00337349,0.000627738,0,0.00494009,0.0461574,0}:
{0,97,0,0,0,0,0,0,0,0,0,0,0,0,0,0,0,0,0,0,0,0,0,0,0,0,0,0,0,0,0,0,0,0,0,0,0,0,0,0,0,0,0,0,0,0,0,0,0,0,0,0.0101376,0,0.00278886,0,0,0,0,0,0,0,0.00289119,0.00537587,0.0108363,0.00620458,0.0237591,0.0131369,0.0118137,0.0101959,0.0112343,0.00988764,0.0124659,0.00261006,0.0309949,0.00815262,0.0305297,0.00769161,0.0113074,0.00857658,0.0155662,0,0.00225616,0.012718,0.0163509,0.00965871,0.00931028,0.00890861,0.0068011,0.0117115,0.00798857,0.00550008,0.0157247,0.00791514,0.00569542,0.00257609,0.00806348,0,0.00494009,0,0}:
{0,97,0,0,0,0,0,0,0,0,0,0,0,0,0,0,0,0,0,0,0,0,0,0,0,0,0,0,0,0,0,0,0,0,0,0,0,0,0,0,0,0,0,0,0,0,0,0,0,0,0,0,0,0,0,0,0,0,0.00962224,0,0,0,0.00537587,0.0108363,0.00310229,0,0.00306811,0.0118137,0.00781466,0.0112343,0,0.00472037,0.0137857,0.00937899,0.00248422,0.00296931,0.00769161,0.00565369,0.00214414,0.00411612,0.016907,0.00225616,0.0105969,0.0163974,0.0136745,0.0100634,0.00974183,0.00641999,0.0104062,0.0122828,0.0098084,0.00711028,0.00838109,0.00580913,0.00350925,0.0039433,0.00169972,0,0,0}:
{0,97,0,0,0,0,0,0,0,0,0,0,0,0,0,0,0,0,0,0,0,0,0,0,0,0,0,0,0,0,0,0,0,0,0,0,0,0,0,0,0,0,0,0,0,0,0,0,0,0,0,0,0,0,0,0,0.00235322,0.00965492,0.00293203,0.00301944,0,0.00867357,0.0230182,0.0025308,0,0,0.00306811,0.00275906,0.00714371,0.00861057,0,0,0.0163958,0.00571582,0.00745265,0.00974457,0.0224144,0.0242078,0.00214414,0.00411612,0.0099415,0.0141726,0.0107292,0.00999855,0.0101647,0.0149296,0.0107169,0.0121851,0.0137494,0.0107299,0.0106029,0.016991,0.00928389,0.00377537,0.00413137,0.00331556,0,0.00494009,0,0}:
{0,97,0,0,0,0,0,0,0,0,0,0,0,0,0,0,0,0,0,0,0,0,0,0,0,0,0,0,0,0,0,0,0,0,0,0,0,0,0,0,0,0,0,0,0,0,0,0,0,0,0,0,0,0,0.00860483,0,0,0,0,0,0.00984128,0.00289119,0.00268793,0,0,0,0.0100688,0.0090546,0.0101959,0.0112343,0.0030129,0.0124659,0.00522013,0.0244738,0.0237579,0.00296931,0.00703122,0.0149307,0.00214414,0.0176242,0.0099415,0.00966033,0.00661932,0.0120185,0.0152426,0.0124965,0.008492,0.0104459,0.0142756,0.00620026,0.00788359,0.0168067,0.0066814,0.00386459,0.00532747,0.00537565,0,0,0.0140648,0}:
{0,97,0,0,0,0,0,0,0,0,0,0,0,0,0,0,0,0,0,0,0,0,0,0,0,0,0,0,0,0,0,0,0,0,0,0,0,0,0,0,0,0,0,0,0,0,0,0,0,0,0,0,0,0,0,0,0,0.00294199,0,0,0,0,0.00268793,0.00506159,0.00310229,0.00628254,0.00306811,0.00275906,0.022773,0,0.0129005,0.00708055,0.0111757,0.0150948,0.00815262,0.0156832,0.00769161,0.00927704,0.00428829,0.00205806,0.00696547,0.0164288,0.0116767,0.00862643,0.0114091,0.00583029,0.00825856,0.0068011,0.00580414,0.0124005,0.00209819,0.00638502,0.0089353,0.00648705,0.00626063,0.0039433,0.00169972,0,0,0}:
{0,97,0,0,0,0,0,0,0,0,0,0,0,0,0,0,0,0,0,0,0,0,0,0,0,0,0,0,0,0,0,0,0,0,0,0,0,0,0,0,0,0,0,0,0,0,0,0,0,0,0,0,0,0,0,0,0,0,0,0,0.00984128,0,0,0,0.00310229,0,0,0.0090546,0.00781466,0.0138581,0.0030129,0.00472037,0.0137857,0,0.0106368,0,0,0.0149307,0.00643243,0.0108702,0.00232182,0.0119165,0.00921415,0.012874,0.0101647,0.0127075,0.00858358,0.0114819,0.00690304,0.00935923,0.00669183,0.0157247,0.00567093,0.00648705,0.00430666,0.00600339,0.00169972,0,0,0}:
{0,97,0,0,0,0,0,0,0,0,0,0,0,0,0,0,0,0,0,0,0,0,0,0,0,0,0,0,0,0,0,0,0,0,0,0,0,0,0,0,0,0,0,0,0,0,0,0,0,0,0,0,0,0,0,0,0,0,0,0,0,0.00289119,0,0,0.010181,0,0.00306811,0.00275906,0.00238124,0,0.0060258,0.00774557,0.0171312,0.00285791,0.00815262,0,0.00234374,0.0121039,0.00643243,0.00675407,0.00464365,0.0119165,0.0128888,0.00914306,0.00951746,0.00998064,0.0124336,0.00843295,0.00570093,0.00745323,0.00448171,0.0036146,0.00721796,0.00470084,0.0035969,0.00331556,0.00897754,0.0162122,0,0}:
{0,97,0,0,0,0,0,0,0,0,0,0,0,0,0,0,0,0,0,0,0,0,0,0,0,0,0,0,0,0,0,0,0,0,0,0,0,0,0,0,0,0,0,0,0,0,0,0,0,0,0,0,0,0,0,0,0,0,0,0,0,0,0,0,0,0.0103089,0.00306811,0,0.00238124,0,0.0030129,0.0202115,0.0197413,0.00285791,0.00815262,0.00593861,0.00234374,0.00565369,0.0113249,0.00205806,0.00232182,0,0.00731072,0.0089271,0.0102559,0.0128731,0.00654184,0.00544299,0.0128104,0.00691789,0.0112855,0.00722921,0.00740593,0.00580913,0.00421901,0.00206009,0,0,0,0}:
{0,97,0,0,0,0,0,0,0,0,0,0,0,0,0,0,0,0,0,0,0,0,0,0,0,0,0,0,0,0,0,0,0,0,0,0,0,0,0,0,0,0,0,0,0,0,0,0,0,0,0,0,0,0,0,0,0,0,0,0,0,0,0,0,0,0,0.00613622,0.00551813,0,0.00262376,0.0227882,0,0,0.0244738,0.00496843,0.00974457,0.00769161,0,0.0113249,0.00205806,0.00232182,0.00225616,0.00968792,0.012188,0.00942627,0.00880549,0.0159586,0.00739699,0.00894097,0.00429426,0.00992033,0.0125322,0.00800515,0.00544787,0.00461771,0.000627738,0.00169972,0.00494009,0,0}:
{0,97,0,0,0,0,0,0,0,0,0,0,0,0,0,0,0,0,0,0,0,0,0,0,0,0,0,0,0,0,0,0,0,0,0,0,0,0,0,0,0,0,0,0,0,0,0,0,0,0,0,0,0,0,0,0,0,0,0,0,0,0,0,0,0,0,0,0,0.00781466,0.0112343,0,0.00236018,0.0137857,0.00937899,0.00248422,0.0156832,0.00234374,0.00282685,0.00428829,0.00617418,0.00464365,0.0148083,0.00761373,0.00785565,0.0133509,0.0055365,0.00728348,0.00641999,0.012181,0.00745323,0.0115093,0.00807339,0.00622515,0.00621501,0.00390796,0.00600339,0,0,0,0}:
{0,97,0,0,0,0,0,0,0,0,0,0,0,0,0,0,0,0,0,0,0,0,0,0,0,0,0,0,0,0,0,0,0,0,0,0,0,0,0,0,0,0,0,0,0,0,0,0,0,0,0,0,0,0,0,0,0,0,0,0,0,0,0,0,0,0,0.0100688,0,0.00238124,0.00861057,0.00988764,0.00236018,0.00261006,0.00571582,0,0.00593861,0,0,0.00214414,0.00881212,0.0099415,0.0193207,0.00372149,0.0140767,0.00789933,0.0102744,0.00719189,0.0116966,0.00993666,0.00852391,0.00669183,0.0104217,0.0066814,0.00429496,0.00328584,0.00331556,0.018434,0,0,0}:
{0,97,0,0,0,0,0,0,0,0,0,0,0,0,0,0,0,0,0,0,0,0,0,0,0,0,0,0,0,0,0,0,0,0,0,0,0,0,0,0,0,0,0,0,0,0,0,0,0,0,0,0,0,0,0,0,0,0,0,0,0,0.00289119,0.0176423,0,0,0.0103089,0.00306811,0,0.00476247,0,0,0,0,0,0,0,0,0,0.00703658,0.00411612,0.00696547,0.00451231,0.0067047,0.00605163,0.00748452,0.00872271,0.00909177,0.0175692,0.0131767,0.0129359,0.0065799,0.00753237,0.00757625,0.00510672,0.00768014,0.00251095,0,0,0,0}:
{0,97,0,0,0,0,0,0,0,0,0,0,0,0,0,0,0,0,0,0,0,0,0,0,0,0,0,0,0,0,0,0,0,0,0,0,0,0,0,0,0,0,0,0,0,0,0,0,0,0,0,0,0,0,0,0,0,0,0,0,0,0,0,0,0,0,0,0,0,0,0,0.00774557,0,0,0.00815262,0.00296931,0,0.00282685,0,0.00411612,0.0152394,0.00225616,0.00640169,0.00772442,0.0148278,0.0090165,0.011692,0.0109344,0.00653674,0.0112652,0.0106029,0.00499981,0.00830874,0.0062395,0.00963412,0.00268783,0.00169972,0,0.0461574,0}:
{0,97,0,0,0,0,0,0,0,0,0,0,0,0,0,0,0,0,0,0,0,0,0,0,0,0,0,0,0,0,0,0,0,0,0,0,0,0,0,0,0,0,0,0,0,0,0,0,0,0,0,0,0,0,0,0,0,0,0,0,0,0,0,0,0,0,0,0,0,0,0.0030129,0,0,0,0,0,0.0147228,0.00282685,0.00214414,0.0102903,0,0.00740417,0.00821975,0.00845699,0.00503676,0.00998064,0.0131753,0.00892145,0.012181,0.00703557,0.00918728,0.00626609,0.00977545,0.00757085,0.00297479,0.00313869,0.00339945,0.0162122,0,0}:
{0,97,0,0,0,0,0,0,0,0,0,0,0,0,0,0,0,0,0,0,0,0,0,0,0,0,0,0,0,0,0,0,0,0,0,0,0,0,0,0,0,0,0,0,0,0,0,0,0,0,0,0,0,0,0,0,0,0,0,0,0,0,0,0,0,0.00314127,0,0,0.00238124,0,0,0,0,0,0,0,0.00769161,0.00282685,0,0.00205806,0.00464365,0,0.0125858,0.00682241,0.00928502,0.00725377,0.00825856,0.00767072,0.00883776,0.00935923,0.00788359,0.00530297,0.00760186,0.00533415,0.00555088,0.00663113,0.00339945,0,0,0}:
{0,97,0,0,0,0,0,0,0,0,0,0,0,0,0,0,0,0,0,0,0,0,0,0,0,0,0,0,0,0,0,0,0,0,0,0,0,0,0,0,0,0,0,0,0,0,0,0,0,0,0,0,0,0,0,0,0,0,0,0,0,0,0,0,0,0,0.0100688,0.00551813,0.00238124,0.0138581,0.0060258,0,0.0163958,0.00571582,0,0.00890792,0.00703122,0.00565369,0.0312263,0.0129282,0.0222048,0.00902462,0.0423878,0.0455375,0.0540097,0.0569541,0.0653681,0.0615321,0.0599761,0.0608142,0.0593091,0.0530297,0.059604,0.0521195,0.0416075,0.0319973,0.0473293,0.0260924,0,0.0463746}:
{0,97,0,0,0,0,0,0,0,0,0,0,0,0,0,0,0,0,0,0,0,0,0,0,0,0,0,0,0,0,0,0,0,0,0,0,0,0,0,0,0,0,0,0,0,0,0,0,0,0,0,0,0,0,0,0,0,0,0,0,0,0,0,0,0,0,0,0,0,0,0,0,0,0,0,0,0.0100353,0,0.00857658,0.00205806,0.0175612,0.00225616,0.0144892,0.0329642,0.0498437,0.0653668,0.0670345,0.053754,0.0569425,0.0709442,0.0743432,0.0532676,0.0554192,0.0432173,0.0376119,0.0383544,0.0376099,0.0409127,0,0.0463746}:
{0,97,0,0,0,0,0,0,0,0,0,0,0,0,0,0,0,0,0,0,0,0,0,0,0,0,0,0,0,0,0,0,0,0,0,0,0,0,0,0,0,0,0,0,0,0,0,0,0,0,0,0,0,0,0,0,0,0,0,0,0,0,0,0,0,0,0,0,0,0,0,0,0,0,0,0,0,0,0,0,0,0,0.00311547,0.0181084,0.035572,0.0647045,0.0724271,0.0944911,0.0792666,0.0855091,0.108189,0.107379,0.105742,0.0944673,0.0765557,0.0638003,0.0512077,0.0733372,0.074287,0.0463746}:
{0,97,0,0,0,0,0,0,0,0,0,0,0,0,0,0,0,0,0,0,0,0,0,0,0,0,0,0,0,0,0,0,0,0,0,0,0,0,0,0,0,0,0,0,0,0,0,0,0,0,0,0,0,0,0,0,0,0,0,0,0,0,0,0,0,0,0,0,0,0,0,0,0,0,0,0,0,0,0,0,0,0,0,0,0.00692845,0.0156827,0.0252426,0.0432491,0.0510817,0.0559846,0.0870948,0.0927368,0.0869094,0.0837141,0.0761965,0.0649761,0.0516866,0.0782772,0,0}:
{0,97,0,0,0,0,0,0,0,0,0,0,0,0,0,0,0,0,0,0,0,0,0,0,0,0,0,0,0,0,0,0,0,0,0,0,0,0,0,0,0,0,0,0,0,0,0,0,0,0,0,0,0,0,0,0,0,0,0,0,0,0,0,0,0,0,0,0,0,0,0,0,0,0,0,0,0,0,0,0,0,0,0,0,0,0.00096414,0,0.00881406,0.0246818,0.0329719,0.0365757,0.0574769,0.071111,0.0728473,0.0721133,0.0572663,0.0696416,0.0211523,0.0562592,0.0927492}:
{0,97,0,0,0,0,0,0,0,0,0,0,0,0,0,0,0,0,0,0,0,0,0,0,0,0,0,0,0,0,0,0,0,0,0,0,0,0,0,0,0,0,0,0,0,0,0,0,0,0,0,0,0,0,0,0,0,0,0,0,0,0,0,0,0,0,0,0,0,0,0,0,0,0,0,0,0,0,0,0,0,0,0,0,0,0,0,0,0.00193471,0.0112652,0.0108882,0.0236792,0.0564102,0.0723723,0.0623039,0.073747,0.0465874,0.0247005,0.0461574,0.152191}:
{0,97,0,0,0,0,0,0,0,0,0,0,0,0,0,0,0,0,0,0,0,0,0,0,0,0,0,0,0,0,0,0,0,0,0,0,0,0,0,0,0,0,0,0,0,0,0,0,0,0,0,0,0,0,0,0,0,0,0,0,0,0,0,0,0,0,0,0,0,0,0,0,0,0,0,0,0,0,0,0,0,0,0,0,0,0,0,0,0,0,0.00130369,0.0094586,0.0354439,0.0653613,0.0578615,0.0704315,0.0722992,0.0683971,0.0140648,0};
>
